7036096
7036096
7036083
7036083
7036079
7036079
7036077
7036071
7036067
7036067
7036060
7036059
7036059
7036054
7036054
7036051
7036050
7036050
7036042
7036032
7036032
7036028
7036028
7036015
7036015
7036008
7036008
7036002
7036002
7036001
7036001
7035998
7035998
7035992
7035982
7035976
7035974
7035974
7035973
7035973
7035970
7035957
7035957
7035956
7035949
7035938
7035938
7035936
7035936
7035917
7035911
7035911
7035907
7035906
7035904
7035890
7035874
7035856
7035856
7035842
7035840
7035840
7035829
7035829
7035814
7035806
7035805
7035804
7035804
7035802
7035802
7035800
7035782
7035778
7035776
7035776
7035774
7035767
7035767
7035765
7035763
7035763
7035760
7035759
7035753
7035751
7035751
7035748
7035739
7035731
7035731
7035726
7035718
7035718
7035713
7035708
7035706
7035706
7035695
7035695
7035684
7035677
7035672
7035672
7035671
7035667
7035658
7035658
7035654
7035651
7035650
7035642
7035633
7035631
7035617
7035617
7035614
7035609
7035608
7035606
7035606
7035604
7035596
7035596
7035594
7035591
7035591
7035587
7035587
7035577
7035575
7035564
7035564
7035559
7035547
7035542
7035533
7035515
7035514
7035514
7035509
7035509
7035508
7035508
7035500
7035500
7035496
7035493
7035485
7035481
7035469
7035463
7035455
7035454
7035453
7035452
7035447
7035447
7035442
7035442
7035441
7035441
7035438
7035434
7035434
7035431
7035431
7035428
7035426
7035426
7035425
7035422
7035422
7035413
7035411
7035406
7035405
7035397
7035396
7035394
7035384
7035383
7035376
7035375
7035370
7035361
7035350
7035341
7035339
7035338
7035334
7035332
7035329
7035325
7035325
7035320
7035319
7035303
7035302
7035302
7035284
7035283
7035283
7035265
7035261
7035261
7035243
7035239
7035239
7035237
7035237
7035236
7035236
7035224
7035222
7035222
7035220
7035212
7035210
7035209
7035209
7035198
7035197
7035192
7035192
7035175
7035172
7035172
7035166
7035166
7035164
7035152
7035150
7035149
7035129
7035114
7035105
7035105
7035100
7035100
7035091
7035087
7035071
7035065
7035054
7035047
7035041
7035028
7035017
7035014
7035014
7035010
7035010
7035006
7034993
7034993
7034992
7034985
7034971
7034960
7034960
7034952
7034951
7034951
7034947
7034946
7034942
7034930
7034909
7034900
7034897
7034885
7034885
7034884
7034881
7034878
7034875
7034875
7034867
7034860
7034846
7034845
7034842
7034836
7034835
7034835
7034834
7034834
7034833
7034831
7034823
7034823
7034818
7034816
7034814
7034812
7034805
7034776
7034775
7034763
7034759
7034752
7034746
7034739
7034739
7034732
7034729
7034693
7034684
7034675
7034657
7034654
7034652
7034651
7034651
7034648
7034645
7034643
7034643
7034640
7034640
7034594
7034590
7034590
7034589
7034584
7034579
7034578
7034576
7034574
7034565
7034545
7034538
7034537
7034533
7034529
7034529
7034526
7034524
7034523
7034523
7034522
7034516
7034516
7034514
7034511
7034508
7034492
7034483
7034479
7034474
7034453
7034450
7034449
7034449
7034438
7034436
7034425
7034425
7034413
7034413
7034402
7034401
7034401
7034400
7034393
7034391
7034383
7034382
7034378
7034375
7034375
7034366
7034353
7034348
7034344
7034338
7034338
7034337
7034337
7034311
7034309
7034304
7034302
7034254
7034254
7034221
7034209
7034208
7034199
7034198
7034188
7034186
7034180
7034178
7034177
7034175
7034164
7034164
7034163
7034163
7034162
7034152
7034151
7034146
7034143
7034141
7034134
7034132
7034131
7034119
7034118
7034114
7034113
7034113
7034109
7034107
7034107
7034102
7034095
7034093
7034093
7034088
7034078
7034075
7034052
7034052
7034038
7034033
7034028
7034024
7034019
7034009
7034006
7034001
7033999
7033999
7033995
7033980
7033973
7033962
7033928
7033923
7033919
7033912
7033905
7033905
7033901
7033888
7033885
7033822
7033814
7033813
7033788
7033788
7033787
7033786
7033770
7033768
7033765
7033760
7033760
7033758
7033758
7033727
7033727
7033700
7033699
7033699
7033696
7033696
7033693
7033693
7033690
7033678
7033677
7033658
7033656
7033656
7033654
7033652
7033651
7033650
7033643
7033639
7033639
7033633
7033608
7033606
7033590
7033585
7033583
7033582
7033572
7033570
7033569
7033569
7033560
7033549
7033530
7033530
7033529
7033524
7033523
7033521
7033521
7033518
7033514
7033514
7033507
7033497
7033495
7033492
7033488
7033488
7033487
7033444
7033443
7033442
7033442
7033416
7033415
7033411
7033407
7033380
7033369
7033361
7033361
7033348
7033338
7033337
7033304
7033294
7033290
7033286
7033281
7033277
7033275
7033270
7033262
7033252
7033248
7033230
7033225
7033216
7033204
7033203
7033201
7033198
7033195
7033194
7033165
7033163
7033163
7033160
7033155
7033153
7033146
7033146
7033140
7033133
7033124
7033119
7033114
7033108
7033085
7033061
7033056
7033050
7033043
7033042
7033018
7033012
7033008
7033006
7033003
7033001
7033001
7032993
7032987
7032973
7032961
7032947
7032939
7032936
7032927
7032920
7032905
7032890
7032890
7032883
7032880
7032878
7032876
7032871
7032866
7032864
7032862
7032856
7032853
7032851
7032850
7032841
7032831
7032823
7032823
7032821
7032815
7032795
7032784
7032760
7032751
7032738
7032737
7032721
7032698
7032691
7032691
7032683
7032674
7032672
7032666
7032666
