6979623
6978967
6977756
1854654
2586664
2874181
1471669
3700501
6978076
6977753
2601174
942773
6968396
6957536
6881303
6958427
5524500
4549213
4424269
1143250
6973373
1733737
2250533
1621596
6975542
6976032
205664
5612473
219819
225190
6974960
226532
2875440
204892
52371
241356
6974196
224643
6974306
1674288
6964491
5357308
6972072
6969342
2384315
6969245
52554
6974159
6974159
6968929
2975693
4842528
1974910
6932179
6970425
6755479
2086385
246170
204778
6965363
6965627
6971426
2813989
5148566
6963598
6957620
6955671
6967175
6958679
6968899
1855900
208510
6858842
6924011
6950317
6492729
1544745
6930301
6804088
203577
6963364
6957078
1075823
1386186
5675308
5751551
6505752
1613638
6730580
2010058
6849186
6955007
6952739
6933959
6945768
6953039
6948182
2932100
6960372
5066232
6960926
6931594
6589047
6933191
6953765
208797
1483412
2893628
1911271
2878971
6867966
6955189
52530
6956751
1584565
6936196
6950256
6948341
6938759
237579
1304276
5385595
6953643
2292003
5578392
6943045
52562
5700672
5140203
5226467
6954215
1764969
6949967
2759922
6950562
6924462
2245983
5130341
6905100
2239951
6879105
6938547
4746325
2658303
1843146
1223478
2296753
3755836
2981994
6948568
6933094
6945778
3694403
6946637
6946266
2700290
2683330
941574
6942654
5773002
3037521
6872136
2238602
1874044
1542103
5676617
1398024
3083338
6744468
2269190
6918695
944030
2886161
2353353
6935923
6933675
1877854
6936216
6938440
6940205
6814089
1820857
6943074
3390397
1792372
4422848
6940262
6941261
6941755
6923447
2866943
1365863
6934033
6936010
3709348
6940095
6940095
951272
6931258
1914523
6928691
6929632
6935233
6873333
1749764
6931000
6936983
6936983
1410466
6689112
3296466
3163808
250317
6844841
2158643
1388087
6926135
6791629
4421664
2507107
6902428
1199974
6556814
1483941
937566
6927742
6919513
6929451
1136952
6647784
6909098
6929017
3638899
5746520
4703133
6925288
6924628
6924764
6464464
2853759
6925381
1985010
2736642
2664944
2568126
6921419
3235245
4628821
6922611
6921119
6915594
6923723
2692958
5624735
1254835
1308572
6911541
6922752
6900467
5711728
2145094
944398
6919699
5557022
6920242
6912302
6903185
1806289
1829735
1173089
4814481
6909299
3762934
1495308
6915516
2508116
6912590
6911832
6912250
6912620
1666776
6902950
6910573
6816916
6855201
1666804
2782205
6910639
1754405
52542
6906719
6905322
4824251
3099491
6846504
3620811
1138709
6894179
6867343
6845608
6856096
971523
6892820
6895096
6858749
6899406
6888214
5176313
6892606
1044675
6902764
6889560
3205899
2083547
6454003
6846540
1195867
6896487
6889609
6657862
4729642
5796338
2671970
1710352
6899349
1423378
937589
6900390
6899835
6899809
2424871
6883959
6655311
6883433
4566569
1472467
6896076
6828577
6896822
6894300
1043234
1888779
1766376
6889446
6675777
6833912
247016
6891485
6886917
248271
1210445
6888211
6863295
2228201
6890275
5889044
2829247
5275402
251993
6890476
251204
2205933
6576114
1652368
6887028
6881732
6875875
5661648
6644947
6885182
1832175
1782219
1099272
6881223
6873684
6878756
4636330
2344436
1590193
6419925
6578075
6841853
6875149
6868594
5278200
1899630
2488340
4419709
6835498
6430595
2631175
2840209
5084499
977793
5428432
6881020
1096984
6879771
6870588
1144542
1107571
2808560
1069792
4574376
934969
6871336
2289688
1078494
5442578
2835391
2804908
6873867
1026773
6864750
2527406
6871672
5140997
6871735
6856512
4563303
6866574
6840037
6870132
6828963
6857293
5039934
4408481
1663531
5079856
5743494
6869578
6868593
6869690
2317907
1696311
6772921
6863959
6865051
6862928
6859222
1097591
6861148
6819626
3631157
1110445
6862264
6853373
2123565
6846393
6862806
1905488
2540832
5324693
2140047
2540753
6466146
5783322
1653507
1297709
1632270
5806579
2234505
6857798
5700862
3149489
6850796
6855775
1648975
6844676
6761999
1940696
4588762
6852208
2334860
6839235
3662506
6520550
2354029
1644388
6849955
6722370
1764799
6484480
6852240
6853848
6853787
6848147
6848019
6852288
6851883
6848333
6848638
6850533
6849640
6848893
6845315
1874325
6840103
2555017
6844366
6847783
6764791
6617532
