6979825
6979825
6974655
6905388
2288682
6714078
6977262
6977509
6764510
4452578
2138863
1860230
1854180
5157689
214657
6750460
1186013
2265927
6975185
5117712
2735241
6662389
2670480
2941645
2881178
6976766
6958621
1171380
6976947
2142784
1913897
1860018
2027433
1976964
1915213
1821931
2028852
1915295
6969790
6960201
6972033
6972299
6975872
6963704
6974303
4930769
5077579
6963670
2334049
6970949
6854119
6975476
1928333
5232997
6972358
965943
996917
5414053
4846549
6966826
6965487
5673568
5773103
970192
6955244
6965281
993897
1345766
6972926
6961633
5440524
4578616
6972320
6972130
6959061
6958289
1102880
6965595
6966503
6700395
6959319
2149965
6944953
2747852
3027777
6963359
6953649
5554818
6952476
6955599
4522278
1082197
1349709
6966870
5856110
3439451
6965431
1110121
6966256
6959201
6965015
1824986
6964754
6773886
206067
6520942
6944469
6935890
6843222
6914099
6952709
991856
6959748
2957834
6947628
6631372
2984036
6908483
2890387
6410612
1958048
208621
6958957
4727373
6754557
6934014
6955970
6952620
6954578
5816388
6954338
6861179
1675990
2377743
6950288
3387962
6954869
6954869
6893144
6484070
6941479
1289515
6953605
6952865
6953258
4503919
6951110
6951835
5264397
6946808
206160
2207637
4426669
3127013
2857760
1843709
5629547
6941269
6942989
2290177
3176885
5267310
6945155
2826501
1829219
1822823
214707
6943704
6944200
6945360
6942893
6941875
253331
6926227
2173590
6945709
6940581
6940609
243740
6545358
1106563
6943541
6939409
6922477
1103881
6940403
6823067
1331218
1869654
6938411
1693256
6938734
2822152
2310377
6836775
6939774
1781083
1976141
1781447
6938763
6938882
6868737
6938257
6937491
6469276
2621390
6925410
5176116
6924421
6926323
6760700
6930910
5327594
6675338
6921972
6935036
5140770
6932241
5486985
6847655
238516
6918721
6887493
6924051
1276106
6933288
6931371
1968509
1859320
1806921
1757498
1821847
6930872
6925892
6914141
6926339
5097212
2092104
6931819
6931720
6931720
6886836
6919800
6924188
6927709
6875368
4567714
214852
6720380
4624501
6926348
1427099
3069960
4846578
1424129
5475369
6920215
5747036
6920151
2351037
6926249
6909862
1705020
6924829
6924165
6923274
6922453
6833387
5610914
6921048
4737372
6889820
6919020
6912816
2974485
974513
6904417
6920431
206069
6919502
3429739
1913377
6908612
2508291
6787178
6914585
5220486
1955631
6917809
6906723
6916976
6853295
6911346
6916220
6914836
6912218
6728486
6879536
6902118
6907799
6913294
5394075
6913397
6914671
6914792
6913342
6913173
1598016
1506401
6910913
1760350
6817501
214667
1960313
4415879
6902572
6872020
6908277
6905538
6889450
6818176
6907254
1081530
6907814
6881727
6615884
5480641
6901976
1325261
6905014
1078922
1265169
936958
229917
6632047
6901759
240146
6904848
238880
234755
3704989
6899905
233453
205091
6898664
1839408
1036563
6803368
6898330
6880385
5155229
214713
6893089
6897893
6896717
6865709
6899686
6514238
6882525
6803271
6749062
6897563
1884095
6507932
6896311
6895911
1049648
6890957
6895411
6892159
1078124
6891277
6871177
2027149
6882255
6891714
5248701
1882980
229582
1179177
6753421
6879154
5147660
6645947
1452198
4622056
1924041
6889574
6876694
6520100
6868759
3176665
206193
6515431
6876384
6886564
6880173
6883056
6823367
6881275
6876149
6857020
6695404
6848175
238710
6880897
5356151
2323125
6881937
6881571
6877455
6804946
6869899
5201056
6877241
6878927
6872559
1083852
2386888
1906687
1769813
1757270
1751253
2016435
1954766
1820960
1805361
2022282
214614
6872293
6870659
6848134
6770971
6868984
6871595
4828552
1381758
6869637
4621788
6840327
6872221
6867100
6873199
2848611
1841428
6871197
6869388
5678264
1902466
1522108
5191718
6868320
6867102
6868328
6785865
6501338
2616145
6867783
6854796
1839404
4732508
6864093
6745750
6865619
6864842
5782287
6859394
6858589
3361949
3376048
6863874
6745865
6864087
3658456
6846082
6863596
6863227
6859837
6863358
6849638
6857512
6862747
1253435
6783849
6861499
6862051
6857606
6861131
6861406
6859031
1428970
6859586
5038543
6852700
998993
6816333
4795554
2516831
6855747
6856590
6847906
1442217
1759369
