2611195
6978567
2725323
2630114
6893395
2615092
1114819
6978278
3330003
5719371
2675387
5120885
6974749
2650264
3039599
1869824
3429722
1720825
1488675
6949615
6978011
6978241
2733569
6870400
6977529
2632374
6974127
6971489
6974138
6970615
6975748
207146
2707439
6975255
6809086
6817522
6963288
6963673
6970807
6597124
2210831
6959728
6956488
3425186
6975387
1427921
4615115
207116
6446949
6973982
6974641
6878969
252958
1402696
6952256
6974710
6974710
1759066
247538
2800582
6970254
4496142
6971914
6968543
6972853
6970825
6971807
6971832
6970978
6971758
6971984
210192
4748323
1367579
6667726
3690772
3139568
1350662
6969474
5808769
6549459
247862
6971091
2806706
6641259
6889572
6948858
6965330
3720572
4830423
6967781
2844462
2858703
6965653
6954386
1783904
6951435
5699863
6966422
5383538
2971259
6961912
6964709
6964332
6775553
6955308
4787441
5257608
6628639
1096581
6963803
6965301
2622547
1657547
6569770
5803573
6676421
6952031
1292731
246671
6809410
5197021
6962064
6954995
2811292
6954646
3675176
6953667
2139772
210014
4822037
6756710
6961749
6961933
6961474
6957199
1677304
6961342
6951163
1007332
5883883
2201127
6961184
2229228
6686948
2972259
2949652
6955138
6961217
2966675
1714085
6953030
2973769
3049054
6960177
2959084
2875177
2885451
6956312
2742567
2728834
2972410
5157355
5050392
3678812
4846096
3013909
6957765
2001506
6954583
6949391
6950960
6952276
3321670
1272846
3028878
6941832
1147666
6953688
6930900
4724322
5190930
6803242
6954672
6951548
2816298
2081781
3033332
2180680
2177406
6949597
2060277
2316560
6948413
5051899
1936332
6690626
4855613
2161098
1254753
6947607
2529442
5071856
4776711
4800622
6952149
1389021
5119890
5139050
5125502
3242029
6950259
6949799
6950116
6949840
6950658
6935301
6869754
6869788
1888548
5683433
2613933
6950383
6949568
6949350
4413300
6949352
6939655
2597190
2553866
6942259
6943792
6946575
3023863
6945186
1957519
1863851
3742718
4699266
6948110
6946706
6944594
1854102
6946739
6944547
3057281
6940819
3216406
1364351
2627797
6941390
6854051
6944276
6941131
1873197
6841881
2721771
4725348
2640434
3764333
3011356
3346204
3035062
4834568
1291833
4628747
4801068
6846201
2022056
6940669
5220766
1257023
6926382
4855040
6942503
1456455
6831360
6870601
6933743
6937558
1114815
2338039
6941030
6931994
6935905
2464919
6940470
6940598
6940117
2916088
5602236
6921327
6941102
6941123
6934496
6939955
5868312
6938323
6940485
6939914
2102005
960251
6937891
3715025
6939773
6939371
6936274
6933869
6936713
5227702
6923416
1142229
5543264
6930935
6861430
6921187
5585378
2310593
991833
6936249
6932954
3559971
6933851
6931947
6930523
6935483
6928979
6932745
948362
6931329
1344461
2322944
1498597
6934386
1362869
5890048
4470446
4663535
6932945
6934476
5588448
1033083
6811944
2882958
3613710
1856751
2157740
6925756
3183445
1181901
6932656
5820031
6859978
6928895
6929611
6931243
6927202
4843959
6931398
1836921
5809298
4750751
6917339
1668007
6434014
3386122
4761791
6931459
977763
3561710
6833540
247857
6930425
4567663
2528319
6920062
6919889
6928752
6912351
6866271
6920044
6472793
1514462
6916673
6928215
6922011
2645467
6926834
6926886
2150373
1281932
4836651
6920436
6827518
1110622
1364100
6919523
6921302
6923079
5254886
6921497
5134106
2593643
6752973
6764429
6913007
6923839
6925025
6925025
6923379
2587868
1832842
6920486
6765987
5421915
6922542
6914726
6916309
6922744
2656569
6741275
6915042
6912306
6919812
5621201
3661133
6920813
5595791
6918819
1189984
1924345
6892173
6869269
6905520
6915764
6915410
6461339
6903767
6764773
6918419
2455766
6917356
6917456
6917163
4700037
1366641
6916447
5454158
6916329
3348223
5435831
6917210
6914328
6916347
2232206
5327965
6916186
6906879
6913685
6915202
6878468
6914640
2082355
6913759
6912520
6914146
6914751
2573524
6863193
6911696
6853341
6899296
6910988
6904786
3029616
6910627
5309112
6627768
6806698
6910133
6909807
3718861
5266365
1335650
2007616
6907225
6909056
6907598
2602642
2598899
6908104
6905260
2469247
5097771
6909153
6903351
6908857
6908972
1144466
2749171
2068127
6907031
