6963646
6906286
1069998
1828780
6945397
1087376
1070233
6837879
4431216
4491249
1064817
2275492
5885351
5166826
4401016
1051092
5533521
5131348
6517045
1073271
2938272
6853419
6785684
6741464
6741464
6790851
6780073
6777335
2070889
6708024
1070672
5238121
1049400
3722888
1067871
1270624
1348793
6574397
4788244
6610336
2828627
2697498
6567378
6547858
6545887
1071630
6440147
6465211
6413078
6426596
2914563
2223819
5881049
1050424
5870846
5870846
1048096
5843218
3131823
5695786
1066834
5734839
5778631
5772746
5738489
5727842
3204015
1050902
5490689
5621156
5682603
1068069
2483650
2749209
1044823
5661461
5645164
4847662
236780
1462951
5620926
3752427
2595447
5210164
5565461
2655501
1044775
5345629
5408240
5312040
5297388
5276200
1049773
5180764
4431228
4802123
1048120
1044873
4778612
1763745
1065542
1064850
4502124
3326730
4598413
4573665
4527882
4507308
1066766
4432988
1061575
1046725
1048840
1048902
1050512
1065002
1065839
1071581
1062304
1046448
4416796
3438560
3618713
3616630
3641993
3428935
3428935
3431548
3431548
3344917
3305836
3428500
3335665
3258939
2829308
1048747
2033192
1048777
1047930
2760630
1074603
1048561
3195574
2669919
2322103
2790014
2784423
2784423
2769761
2573621
2712729
2181406
2643921
1455222
2590216
2497482
1064706
1048851
2165895
2281717
2214304
1045910
2208729
1507332
2035947
1066490
1086922
1576760
1899347
1696601
1049720
1865779
1696899
1049410
1574340
1486278
1419087
1299221
1217265
1392978
1409579
1073754
1323226
1049507
1078023
1075695
1044901
1119899
1080664
1088147
1049165
1068810
1073456
1063174
1065364
1070017
1068902
1069136
1068393
1065498
1066940
1066811
1066756
1066739
1066521
1066214
1066090
1065670
1065209
1064989
1064692
1064686
1064090
1061068
1061377
1059074
1045249
1049897
1050044
1050817
1050406
1048055
1050643
1049865
1049214
1049129
1049106
1049091
1048722
1048607
1048765
1048841
1048531
1048533
1048295
1048118
1047816
1047718
1044825
1045217
1045202
1045051
964270
959159
241341
240003
238837
