6979911
6979911
3619535
6979317
6928119
4440938
4603989
3136413
6674514
2683126
6979498
247063
1869616
2645191
5708043
6979273
2863771
974021
1368914
6978290
6972791
6972931
6979101
6978733
5360750
5177361
6972521
1820638
937338
6978865
3723248
6978152
6960955
6977968
6844518
6962954
6845134
6977222
6963077
6977773
6938546
6973820
950154
944227
962280
6974120
4576260
6973755
6975183
6974501
1085911
6913651
971275
248281
5361247
2554625
1968260
6732377
5507462
6973489
6975141
6975141
6920792
6974843
6974843
5257010
5557262
6865778
1098410
5050571
6963859
6968461
6973865
6968906
6938866
6877583
4609676
6968403
1149622
247059
6946589
2954716
3097528
6964589
6935646
6965461
3697541
2737718
6958963
253127
6960843
6970552
2859692
6967733
6957551
6959567
1205865
6956015
6945100
6829127
6969817
2999841
6777406
4429001
1983258
6966323
3355932
6961573
1141359
6962042
6965299
6964446
6965491
6950019
6522379
6734248
246117
3700788
2462773
4590173
1588604
3342643
1705228
6961529
1456372
6961168
1088193
6964053
6951510
6492223
6952595
6945036
6942092
6949013
6953347
6961591
6422296
2258767
2939151
6957108
6958024
6958115
1685234
2953540
6947879
3012372
6948880
3007085
2828289
6887521
5151074
2875383
6944681
2880393
6546385
1146063
1113909
1524656
6954041
6953577
6955726
6954323
6945893
6906756
2656426
1539492
6949460
6952490
5228895
4751192
5813425
6595418
6575340
1185140
6935168
939018
1787670
6937737
5810464
4779334
1759966
6738763
5512667
4506918
6943872
5307841
5414072
2516012
5334979
3697217
3697871
1201835
6950630
1415099
1485171
2822633
2962209
944262
1559240
5104723
3043584
5138200
1851177
1869297
2025020
6945371
1265596
2634462
6943821
4548450
6947834
4400998
1142966
944165
6940712
6941266
6941958
6942685
6943237
6947238
5478277
1325024
2703131
2788588
1657021
5130957
6947712
2987455
6947493
5759833
6624925
3598564
212267
3625180
5655419
6944502
6930002
6933693
5340445
1631637
4443606
6456127
6534436
1087820
6928327
3657415
6799206
2013558
6925640
6942182
6932653
1090677
6927731
6928265
6930704
6932295
6935072
6935289
6938402
6935634
1417205
1722364
2603135
1153383
6938891
6939282
6933825
5233161
6933233
1914028
5555485
6934093
6931517
6931651
6932946
6933035
6935237
4762813
6930478
6926316
6892125
6890398
6830665
6930763
6640342
2550544
1028584
5221951
1138572
5898559
6931394
5553778
5560322
5769640
1520785
6932790
4823542
6910317
6914116
6915291
6916948
1690344
6924243
6919223
6923575
6924243
1156133
6800371
245521
6932240
5356090
3048411
4560986
6932523
956951
3362603
6844048
5762216
6617228
6861353
6931451
6931451
6922884
6923645
5778530
6928760
6925509
6928287
6845429
6756410
6925056
6925058
6926830
6775063
5872285
3024224
6841137
6925967
2737025
5656031
4446683
2756752
6908506
6927335
6922272
2789352
1497710
3150540
6476274
6822400
6925666
6925356
1467853
1113990
6924605
6918308
6818005
6688256
5697954
5807402
6921955
6908036
6918989
6917549
6847634
6918009
6912322
1222033
2571727
947856
6756907
6789160
1000191
2295630
6871062
1086118
6857517
6918737
1523676
6915087
6918594
1601109
1221760
2809340
6530641
6916678
6898551
6797734
6907265
3288471
3726705
6908974
6866445
6907550
6910245
6903006
2801924
1794903
6513236
6910669
6910746
1192842
6913842
6896490
2679125
212148
6911142
1605968
1080611
5760754
5112961
1648744
6853346
4591626
6855924
6907521
6908983
1115879
6905722
6896902
6908377
1054829
6901960
1078069
6756112
6606786
1504489
6890312
212173
6901686
6899786
6892133
212214
937422
6902079
6900242
6902095
1446252
940034
2273474
6894848
6896672
6899004
6899335
1960428
6503461
4600349
3765140
1098837
6867651
6894279
6744108
1086066
2369161
5506750
6832792
2669075
6779179
1226264
6899058
6877884
6883086
6877678
6878388
6897544
6891643
4545425
6870864
6871083
6897702
6884807
218891
5610924
6895672
1787584
5085559
6895399
6891303
6889772
3172828
6543751
6885988
1635179
6891596
1082354
5701165
6884340
6891067
6890457
2575505
2146174
2888102
6886632
6889143
1187044
6889456
1537095
6888982
6882393
5601299
6686900
6792698
6766726
6737444
