2741772
6978887
2155424
6971896
5715574
6448522
951214
5559383
6947235
6963698
6964320
6963830
1601773
2658743
6955414
216689
2778148
6957837
2936355
6914695
6917842
6925633
6925824
6926788
5680850
6954079
6954843
6931807
6932154
6932217
6939031
6941696
6944205
6950782
6951213
6418635
944269
983030
3002273
6797421
3155477
6869059
6870188
1161099
1345060
2403548
4419780
5714048
4409196
2100477
2866908
5751295
6902033
956732
1562621
2010606
5217864
5561472
4448298
2220983
6906395
5771408
6904784
1136340
1207798
4402485
1446714
6901461
6899976
6878877
1330755
5177993
4836411
2380975
6873349
962229
2777328
6881972
6829319
6879949
6872643
1751667
6872616
6856750
6868248
4633515
1472181
6772526
6852290
6861860
6857941
6839459
6825921
3228220
2493915
6839595
5255228
5711952
1217793
4842537
6817165
6821854
6816126
2400128
2103120
2292068
5518582
1225768
2917199
1761602
5610050
5197758
6822225
6805763
6804662
5059963
3303429
6814827
1827987
6793666
6808813
6806274
6806567
1980609
216726
2172533
3709104
1026402
1146600
1872026
1851164
216873
1032832
6793044
6797766
2652611
5223037
6796924
996209
6793987
6791545
5416506
2434572
6777537
6773236
6743316
6779792
1172501
981777
5284439
3446541
6771743
3102737
6753889
1284033
1495497
1700828
2853936
1505025
6725676
6759656
6765146
3192945
5604972
1162763
1721127
216832
6751437
6746253
6736252
6747162
2035744
6739696
6744065
3302579
6754211
2551852
1071008
1509734
6704948
5483624
6507065
5155418
2433239
2379422
1658149
6721266
6650290
2028918
3264341
1276286
5127237
6718569
6710970
6634307
6647418
1085317
6711526
2360925
1276351
3754592
1373532
6711220
5462189
6661749
6652913
6683897
5647174
1790661
6503766
3375713
257127
1481913
5735147
3162465
2252083
3160934
2692826
6632063
5517689
6630870
2568471
2223845
3701235
6601184
6563694
6659196
2634022
1902069
4435335
6665725
1634940
3361937
2500265
2258759
1444925
1162057
1199802
6614583
6610318
5743432
2529699
6639564
3687434
5663743
6648539
5339613
6557310
6592099
6638636
6625397
6627365
6633386
5217838
1291191
2871229
994021
2257281
5649155
2241176
1276787
6619245
1362376
2389482
1520709
6608353
5370850
2167723
4541479
6611170
6600432
5088273
2443669
6609485
6604301
1338839
2366688
2201420
1078783
1834388
1884766
1528672
2846435
1350045
3028343
947225
3752533
1495878
4567276
2955386
3657861
1746729
2368144
4437775
6554453
6505593
4431131
1884806
2834519
1197782
1277370
2712042
2194562
5651284
5855797
2164487
1535826
6427006
2292907
6468726
6483496
4406691
6549079
2571782
6535578
6415110
6526083
937384
6581584
6592488
6591863
6559466
6575107
6526955
6576859
5051920
6433837
6559824
6556157
6552361
6552262
6509910
6547104
1435381
6534863
2314604
6422685
5785030
6525074
6468146
6487517
6495902
6499092
5810240
6504749
6486208
6491746
6472820
6482123
3425012
6474344
4432122
6473472
6434248
6440209
6461593
1759206
6431587
5615723
6458453
6430596
6434475
6430908
5655447
6421898
6419932
6410404
6416637
6409878
6407086
6408703
6407280
6402502
6407391
6403119
5609505
5904870
5873912
5897361
5891744
5895883
5898226
5893516
5893170
5886815
5888700
5884648
5881223
5883044
5878504
5870136
5866958
2334490
2357050
5828348
5861620
5849892
5866191
5855619
5861133
5859786
5857192
1028923
5846893
2179938
5817393
5838540
5807066
5682900
5454000
5828677
5829114
5829667
5827999
5720537
5831321
5786966
1874168
5665613
5816464
5804834
5815558
5804824
5811299
5801981
5806039
5805245
2214644
5797065
5793397
5798595
1134629
5796683
963604
5409616
5483982
5790349
5682516
5707693
5787171
5787462
5613743
5472421
5786552
3612311
2828371
5778492
4776762
5778700
1026094
5762295
5599720
5765872
5750216
1886868
5765647
5760819
5759724
5761572
5751277
5754293
5751065
2178163
5745324
5752952
5751678
5749000
5744335
5744503
2957247
5742686
5732503
5735944
5737719
5631017
3591869
5737806
5728129
5732275
5704198
5729137
1575581
3389554
5708855
5724842
5588556
1752982
5718915
5721681
5725640
5723912
5698346
2115559
1488278
5688637
5709475
5710108
5707766
5690831
2133104
