6979032
6973303
6978738
6974180
3410365
6971105
6966530
6972267
6978267
6965805
221164
6973409
1877761
226152
2318761
1579502
6963118
5573350
6948288
3247866
1746645
2702841
6964473
6956164
6957022
6957603
6960668
6962756
5693266
6956092
6953134
6955799
6955783
6954806
6954632
6952188
6951092
6950767
6950683
6623803
6927412
1485306
4609902
1301214
5115469
5398587
5655985
4805287
6946062
990728
2908927
3263260
225755
2681879
2799259
3087772
2975072
1188350
1202934
6923394
1157179
1500794
6827306
5291433
6918245
6913807
6942544
6940939
2609525
253324
1109330
6854013
1458768
3041606
1847562
6931416
6932466
5302560
2209040
1251537
6939605
1838627
6901900
6474451
6925042
6930341
6925535
6924926
6917289
6916116
6915243
6913932
5058888
6922898
5750581
6774796
6818091
6822639
6843355
6802993
6931018
6931018
6920352
6920938
6461201
1733760
3706307
6422529
6796119
1105386
6872340
2669598
6789567
6870220
1152114
3330924
2980592
2551121
3240995
2703787
2472137
6912181
6883250
6905728
6890085
6420189
6714818
6715969
6731024
6741364
6770988
6785281
6795803
6799569
6805663
6810883
6812508
6822297
6828754
6836967
6839000
6843586
6845261
6855949
6861341
6873304
6902335
6878824
6887307
6901696
221130
1225799
1324741
1151764
3639756
221397
1483661
5444778
221378
1270307
2862991
6896189
2467748
6887435
6882364
6888708
993313
4801636
6829975
6847931
6619355
6864976
1666891
6873834
5833452
1113832
6802637
6606872
6707629
6877255
6878808
6879063
6876454
3222358
6747052
6870504
2188608
3154431
1193313
6855447
3751844
6871162
6874037
6728182
6833314
1143932
6867909
6868372
6862592
6864940
1160195
6862199
221084
1582030
3220131
6870280
2095092
5851377
6671218
3737700
5553775
3724221
221277
6563819
4442906
221136
1139345
6410795
6834149
6847992
2240526
6422527
6837081
6849444
5121944
3435856
6837395
221147
6752261
2890775
6833248
2522440
5608768
5513955
1398414
1903964
2908623
6471439
5477295
1503298
6820202
5492109
6720299
1746045
6776353
4713859
6825091
2503983
6578190
6731856
1200337
1665439
6816692
6820023
6681947
6817996
6811490
6815271
6772439
6730164
6799540
6807855
6807761
6802216
1139918
6625334
1153577
2151541
6774826
6782896
6794139
6784648
6778921
6774126
6771978
6771377
6770703
3411266
2542467
1563985
3043749
3561889
1831751
1331805
6614493
3032559
6743298
2735330
2739608
6759805
6613789
6474117
3183094
6763605
6752989
6756312
1347940
1583295
1567297
6753971
6726441
3380424
1734731
1006663
6720575
6754199
6762960
3450206
1221043
3126686
6741041
1700087
6696867
6679824
4464810
4431947
3627259
1146295
1537964
3250535
6737223
6675422
3005244
6596549
4426616
2774253
6710763
6719552
6729084
6725423
1663873
3059280
5268622
5767394
1485358
1847141
2823739
6721809
6706772
3356367
1159180
961766
6715572
5105961
1456080
6688872
6491685
1948824
3295147
6703743
2104743
2638296
221090
3647587
238296
2778705
4717192
3746613
6684618
6686966
6698554
6683290
6692147
6693277
6695274
1528727
6700909
2761231
5127360
2984682
1141696
6677202
6432266
6683420
2592053
5126829
6586684
221346
1756512
6673528
1903461
1855750
1803201
1782268
1731234
1719590
1698971
1681351
1651018
1636916
1632108
1929618
1856737
1803782
1757139
1731365
1805229
1638114
1930493
6528713
1078220
5769270
6670747
6650409
6658621
6663270
6665186
6666548
6668106
6668366
1527474
6664425
1116299
6619263
6664345
4411695
6657621
3684665
6644178
6507408
5117959
6613495
6647907
6561227
6655275
6617275
6587212
6635993
3606417
3290364
6620296
2326363
221095
6637922
6568826
6599414
3304959
221203
6619030
1113289
6634113
6619230
6601151
4767035
6612188
6567254
6617426
1150493
1878454
5710399
6605751
6609638
6611360
1446274
4422723
4704045
6603694
6602537
6606738
2633758
6582284
6587920
6595062
6595094
6599850
1750321
6601609
1551006
6525276
1743568
6555608
6557943
6559023
2767866
5516894
2293581
6567579
6564029
2662374
5450779
6579633
6577038
6581852
6583076
6574671
6560821
1614618
6525383
2629370
2673646
6567217
5879855
6533259
6556102
6561340
4597301
6555981
6560711
4484873
3708542
6553636
