4440938
6965656
4603989
6979015
3136413
6973686
1331057
6674514
3619535
2877519
6979498
2683126
247063
1869616
6975139
2880500
2607185
6979317
6928119
5652643
6979273
6979279
6965387
6975795
6959310
6978290
6972153
6976052
6963063
6975602
1873917
6979101
956557
6978733
6974667
6978315
5360750
6972521
1820638
6976854
937338
6978865
6978152
6977983
3599635
6975145
2561285
6978345
3087377
1356886
6960955
6977202
6977193
5199195
6947744
6978218
6844518
6962954
6971014
205724
6965366
937501
937768
6845134
6571287
6977222
6938546
6973820
1076314
6977613
6972852
944227
6974660
6976883
6974120
6957251
6974683
6975183
6976103
6975559
6974501
1085911
6976590
6976590
6933251
2788591
6973434
5319525
6974429
6913651
971275
248281
1873481
6972446
5361247
2554625
1968260
6732377
5507462
241235
2706548
1246884
5105688
1025066
6579909
6971129
6974521
2939716
6973489
6802461
6760366
6975141
6975141
6920792
5866921
6964880
2122562
6974732
6974066
6964319
1073304
6973690
5257010
5557262
6955361
6957052
6865778
6974525
6974525
6971647
6972420
5709582
4819531
6963795
3605446
6973447
5104087
1098410
5050571
6968461
6973865
6954462
1191878
1111714
6972972
6926138
6966114
6973316
1591409
6973357
6973357
6918356
6922745
6959882
6968906
6935096
6940352
6951033
6953798
6964993
6971889
2846493
6938866
6944873
6880553
6971342
6970430
2784452
2090023
5769487
3021418
3011537
6971480
6972416
6972416
6951436
4416482
6968403
6969898
6955140
1149622
247059
4457862
6946589
1909072
6963287
1714753
6970748
2954716
6964471
1703287
2933861
6968455
3097528
6964589
4659078
6965461
6967555
4578781
3697541
6966146
6970456
1094167
2737718
6958963
6960843
253127
2859692
6967733
6957551
6955768
6959567
6963406
1087078
6961664
6959154
1144719
6970287
6962647
6963258
6969044
6954390
1205865
6965402
6952853
6956015
6966552
6945100
6945069
6964907
6829127
6969764
6969169
6969817
1729763
1557838
2999841
4429001
1983258
6969365
6961770
6963620
6958727
1779338
6966002
6961837
6966323
6474788
3355932
6961573
6965505
6962042
6965827
6408794
3286253
3209149
6964627
6951795
6964446
6950019
6967375
2971270
6522379
6949558
5549055
6959166
3699444
6965373
246117
6964989
2950718
6922145
1797389
5665023
6954812
3700788
6960858
1817986
6965868
6962539
5509177
3207303
5363015
6963938
5509677
2462773
4590173
2062938
1588604
5799420
3703309
3342643
3405233
3431373
6722613
6754093
6843098
6963549
1705228
6963719
6961529
6961168
6964215
4529708
237093
5543506
1082591
5187563
1088193
6962673
6961062
253003
5614780
6924377
6948952
6960599
1830212
6962358
6962668
2859776
6952595
219349
3162535
1764808
5649458
1153738
3188811
6963588
6963501
1176022
6962862
6932732
6960867
6959917
6961252
6734470
3446321
2118457
2079958
6960779
2149673
2140306
2130867
2113270
2099308
2093576
2086998
2072541
2068901
2035238
6934136
6952345
6552458
6953190
6940107
6949013
6949681
6961872
6952265
6951994
6961591
6959349
2909561
6812044
2937459
5818406
6961145
6955241
2939151
6961162
6954587
6584738
2969777
6958894
6961153
6957108
6958024
6958115
1685234
6961000
2953540
5454637
6960504
6868808
6947879
3012372
2794811
6960263
3007085
5300434
6959585
2681149
6936045
6958498
6877023
6887521
2839136
3018972
3035288
5151074
1153670
2875383
1702657
6959737
3038247
2880393
6738095
5700438
6958386
3001134
6957845
1146063
2855098
6914088
6957650
6958764
1524656
5576620
6954041
6943488
6953577
6955277
6955726
6954323
6954529
2952282
6952834
6954302
6953549
6906756
2656426
5718299
1539492
6953924
6949460
6952490
2841153
6954502
6952680
6956083
6945381
6955271
6955697
5134868
5228895
2764570
6954973
6952924
6944847
6950823
5452169
4660592
6948055
1702916
6952391
4751192
6952521
5813425
6933157
6595418
6952489
6575340
1185140
6933808
2159491
246945
6920930
6953888
6935168
6602958
6919321
939018
6951759
6953165
6937737
5717241
3360533
3310011
6951308
4779334
6951619
5786075
1157349
6952000
1759966
6945244
6951468
5628430
6951224
5512667
4506918
6944196
6943872
2884696
5107537
6951882
6935742
5414072
2516012
5334979
5738732
5139697
6934354
6950925
6942876
