1011143
6962515
5545777
6906825
6972103
6975782
6674450
2151744
6971131
6961942
6942361
991815
2583801
5716705
6967623
6969827
5487116
5728378
5644176
1734949
6935650
6952467
6832248
3344141
6437161
6945438
2237119
6922054
1809822
1815054
1823284
5145471
3637024
6951260
950129
2170720
2662630
5424823
5663539
2636421
1855903
2625468
6740486
2600527
1840978
2316632
6724134
6709868
6746124
6793893
6802995
6550037
6902836
6912096
6923249
6588946
6783026
1260070
1008277
2566865
1067598
3712742
5399789
6909160
6824266
6892936
4659476
4857103
1573079
1367555
990899
982322
6899231
5416261
3679057
6910180
994138
6923050
2128485
6919568
6448391
6916696
944680
6745444
5207477
6692445
2774527
6909179
6901949
1025958
1736504
4665148
6901052
4614482
1202960
6896983
6908425
1685528
6766541
6886400
6679550
5513507
3620081
2809944
6829366
6889498
6886430
5217987
3361351
6873653
1057477
2047692
6439673
2651896
6726218
998729
5310135
6460236
1622619
3751265
6872122
6867243
6465693
6869697
1135105
6763582
6864724
2876629
3400281
6863356
2797824
6402345
1281130
1010516
6858720
6734341
6816770
5067311
3121830
5477138
6851558
6848548
2628451
5243199
1026579
6822053
6846073
6825204
6528015
3766143
6825698
5430718
6662421
4847544
6722534
6842631
2702863
6807723
6838494
4492921
2615831
6596560
6834561
6829930
6827488
3561105
2515686
6829134
2747401
995915
6826649
6680409
4585130
1002041
5896843
6776792
6786147
1167461
6820923
3395107
5746463
6791494
1467667
5571691
2200600
1805586
6813492
2134051
6800782
6801518
6805071
5357443
6797282
6800686
4660672
6799135
6788970
6800348
6800926
4998116
6793052
6782259
6784287
6785753
6779544
6786134
6782796
6785710
6786300
6700332
6784740
6782721
6781731
6783493
6781773
6531310
1613605
6777414
6778957
6779323
5321191
6775304
6775284
6777291
5715881
5528338
6772431
1017250
1684391
6671783
6756551
6763937
6771261
4541263
2667917
3394744
5619080
6556694
1031392
6761310
6672359
4792305
5337840
6752714
6753496
6690436
1435939
3055228
6742404
6726518
5296315
6717267
6719544
6724801
6732751
6735789
6739564
6740202
3068128
4667332
2559506
6744064
6750891
6746544
3335790
3304831
6713327
6739792
6737166
6730815
6632617
6671882
3131811
5717118
5594133
1720355
5530020
6545616
5635848
6630578
6726430
6694548
6728759
6727305
1010015
5525045
3334310
6721371
6710971
6715166
6714720
6711085
5537077
6713312
6704143
4592080
3625571
6418855
6709050
6690086
4814343
2040452
6678232
6695281
3270348
6697412
6696422
6688165
5435636
6680836
6676070
2024626
6685008
6674262
6673576
6683085
2385383
2624379
2626271
5340022
6679902
1813935
6674201
6674342
6672432
6672089
5589368
5286097
1450311
6667025
6593095
6645423
6652388
6658731
1024984
6655884
6663315
6661644
1002016
6637323
6630400
6644932
6645737
2310237
2285714
4667506
6653802
3427665
6650099
6649276
3370719
6641839
6633551
6640044
5051971
6626051
6597872
6633190
3382540
6474781
2579501
6522758
5789452
6537623
6623084
1766650
4779489
6617663
6582584
6629279
5653604
6571901
6614966
6616341
2924819
6579438
1323839
4438895
6580701
6576139
6507271
2155104
6470980
6525801
6570291
6513402
6601365
2540050
5546098
4727422
6600607
3136567
6509936
5066601
6578610
2103124
6540259
6588943
3289355
6582530
2850927
6565669
2454807
4705830
3364282
6568504
2059290
2096091
6473357
6546867
5816350
6553805
1321993
6522073
6563948
6557601
5807283
5771559
6504066
6523599
4412738
6528851
1144692
6432363
3110825
6452952
6524668
6515533
6524873
3159800
5721227
6516000
4737627
1015632
2270922
3099323
3132370
3053895
6423109
6492284
6507279
6507351
6447497
4503932
6495187
6481220
6460629
3123109
2200723
5067235
5651828
6456950
6491469
6492310
5713171
6453361
4771385
6462732
240646
6478226
3178522
1585431
2681685
6472814
6472025
6469886
3165863
6451357
3111085
6458196
3157097
2693639
6457901
6447086
6455573
6446388
5550523
4806839
1007752
5501923
5666330
6442520
6449779
6435610
6441846
6429152
6432174
3115014
6431053
6426420
6416183
1272498
6423202
6421264
2690885
2082857
6420748
6414630
6419737
6416606
