6975368
976432
6975423
6977916
985492
1518970
3647521
6973458
6964728
6973641
970239
6973504
4699434
6972200
6969429
6968493
4464465
6970225
5221798
2665999
6701891
6941953
5215555
6964204
1346070
6967799
6964563
6965966
6966928
6954137
6965986
6960861
6962854
3677057
5606779
6963732
4999735
5789185
1898092
6553119
4406067
2796366
5277096
4827640
3655192
6815465
6961481
6962830
6962497
6538364
3018403
4791344
6961258
4662487
6960240
6959188
1027405
3006704
2683648
2876149
6954897
6950955
5226472
3679033
6950645
6952690
6945565
1029423
2497275
6950934
6944006
6953185
5827709
2154050
3183485
6931649
5650819
2637696
5632849
1845992
6868612
6885721
4714759
6950148
6948569
1744645
6942451
5114327
6890791
6943151
6885227
4644070
6942726
6897009
6939350
975827
3183769
6941073
2992756
5816654
1029704
6943128
5210316
5314764
5323407
6905302
6935135
3758116
3648154
5079603
2835888
2931099
3595502
6938451
4429123
6936570
984169
6939073
6935741
4464212
6507318
6935390
1398334
6933787
6909811
6932473
6934000
6927170
5282915
6929957
1033572
6920615
6932630
3719973
2801028
3345766
6845631
4439842
3081681
5406964
3426849
2919415
6812622
6917798
1875898
6836881
4543697
1884591
5810620
6913350
4852848
6922723
6923624
5215511
5344295
5604484
5689045
6917656
2896710
3353694
2484985
3439387
965482
6910691
6916033
6900525
6421017
6906306
3447391
6908185
6902505
6891394
6896019
6896064
6910872
2770792
6912133
6900275
1301482
2257986
967054
1615407
6899287
3445709
6909832
3686555
3376116
6902918
2410752
4591700
6906677
6687170
6906314
3669421
3097291
6904181
6599816
5251337
6903004
6901263
6896932
966722
5273269
6901018
6791121
6637029
2688624
2879600
5460255
6898987
6898987
6888530
6897937
6844683
1601192
5732130
3674620
6890420
4851955
5332591
5426148
5408385
6407186
3432073
6888234
2385455
6888937
2970947
6887913
2157503
6883135
6888284
6888269
6886444
4743083
6881671
6880979
6883371
6882036
6589121
6878841
6878993
6857913
6865482
6870286
6871304
6878739
5632382
5215376
6872115
6870264
6871684
6876100
6846763
6872606
5308512
3661459
6871568
4867263
6870872
6861086
2619108
6856241
1031273
6701441
6861455
1099161
6838578
6855688
2304174
6852630
6850457
6854649
6858119
3654316
6846371
6856958
6762270
6782122
6857646
5224224
6697439
2278239
6761923
6847647
6848926
5257777
6846432
5659637
5215606
4565415
4527267
6825966
1652702
6589799
3622810
6844594
6831696
6831401
6838312
2861034
4612094
965803
1026996
6838805
6838504
4818826
6827106
1621215
1068343
6826670
6834538
1459048
6835107
5211916
6833370
6832481
3626842
6824230
6812452
6829949
6632880
6828826
6490576
6827257
1627008
6649672
6527451
2999444
5858604
5560389
6826193
6826193
6807773
1754109
2736312
6817955
5436763
6822226
1722151
6818960
6820087
5407675
1438740
6463989
6815359
6814205
6815226
1032695
6812063
4415445
2485993
6789598
6794082
6803337
6543838
5142209
6776393
6806084
6552554
6419809
5780457
6806806
4744841
6806708
2832161
6804305
6804051
6802123
5604512
2227963
6714630
6797051
6476495
4485292
1048889
1030949
2554430
3122400
2983186
4838456
5324300
6791304
6531167
6788300
6791234
6792586
5094471
6789590
5426906
6788504
5060387
2103629
6788031
5521240
2604107
6784194
6774088
6786275
6787008
2391260
5890728
6784369
5743964
1454310
6783775
6767340
6783817
2334189
3214292
6781048
2364324
5382030
5899896
6419018
6762623
6753352
6776929
6776618
6769307
3369141
6775643
5476543
6644170
5359771
6772977
1023967
4401860
2906117
6771851
6775237
3208984
2509731
6770246
2673100
6771610
6770935
5244148
6764017
6770445
6764531
6762301
6769079
2923336
2896119
6765736
6765158
6764978
6766611
6670031
2524387
4450240
3265809
6720418
6649708
6760931
6760524
6744153
6761840
2991106
6756952
6731046
6759356
2202250
6755785
3424056
6753024
3288853
3750928
5609442
6755383
5062700
6753596
2335898
2248501
6753075
5867702
2302132
6753085
6753081
6742921
5351398
6706723
6717853
6734889
6751143
6748978
6749637
6749899
2824670
6749321
6747218
2941876
5163098
1493239
5278537
6747247
6743257
6746782
4504812
6647526
5554271
