1041978
4606189
2902347
1569128
6969880
6960794
6958106
6540386
1226787
3643235
5681200
6960206
6747294
1040894
2818317
6482837
6949991
6909851
6928028
6958610
3277059
5106236
6959551
5746057
5676686
6928078
3247502
6956521
5068384
2642110
6952848
5542352
6945775
6946627
5127672
5859168
5135818
6949303
6615801
6783464
6730360
6825104
1706668
1040778
1876318
6919782
6942724
4551487
6933548
6911943
6929734
6933221
5399229
5602456
6935585
5885241
1486209
4627863
6777651
6683938
4714224
2627289
4708069
6910517
6889691
6415450
3426543
4398351
4760460
5173741
5741354
5845351
6800475
1918049
3232116
5904800
6494196
6886037
6897374
6887060
6905474
6891098
5561991
5326371
6477890
1066341
2529370
5444872
5541201
6791161
1407817
5286421
2836870
1030861
6708504
6889817
6886884
2663112
5654310
6882381
6872211
6885233
6810393
6825274
6825867
6611655
5634503
3078833
3608878
6877817
6539869
6877715
6877715
4592525
1031568
6850492
6864904
6853185
1768546
6856568
6814431
6852325
3275408
6849693
4802134
5393164
6830759
1945493
6701875
6434337
6813576
6822374
6836801
2830013
4785604
1336936
4422975
4819441
5227620
6822519
6833177
6832005
5852585
6621095
3049412
1898422
6821932
6811406
6818378
4599530
6808252
4650961
6802240
6795946
5514002
5606072
3658844
1273954
1759481
5184605
6793306
6793681
5407214
5727327
6779483
6779549
6636897
2847894
6781659
5719891
3686212
5550801
5392951
1357716
3762312
1186817
4755540
6773397
6777918
6776537
6776776
4733112
5816561
6739400
6743413
6771306
6733088
6736989
1098821
6749745
6619977
6631368
4743840
4463002
6763368
6621573
2156853
5814072
6432399
6434533
6658211
6735685
2462209
6730421
251427
1029689
6727402
6724967
6689165
6560466
1042141
3637850
4750182
4593693
6707471
6700358
6702341
2873222
6696439
6694079
6692876
1037720
5480966
1031167
5799883
6638815
5459251
5730062
5875704
4614305
5835218
6660985
6641516
6669593
1040335
5477755
5265830
6600862
6661467
6668225
6667560
2467659
4715112
5374178
2461868
2439679
4593675
6642997
6656556
6647305
5845960
6652149
6652336
4437416
6636540
6640065
6635458
5566135
6636388
5345999
2691194
3377206
2610855
3097187
3569785
6477150
4665877
6625714
6635300
6632211
1894125
6632055
6630161
4997117
5170814
6614110
1048057
6604005
6614444
6619049
6617300
4436075
6582262
4823184
6603798
6542424
6544202
6569192
6593359
6604994
2228144
6515655
6543936
2884686
1632787
6590849
3289335
6499073
5380051
4592363
5784940
6568027
6581712
6523119
3198160
6577884
2782762
5710094
6573918
6572178
5900020
4440986
5831508
2364087
1650048
5794243
5721721
5651746
4663457
4611202
5200806
4593649
2297158
6548317
5785809
5888312
5057601
5433481
2453424
6520878
6454084
4625525
6506245
5600579
6482984
6516786
5872809
5805563
1576489
2502641
6438262
2637703
6493383
4766315
6453368
2361141
6482440
5484459
6491706
5798519
6481895
5413766
5767100
5234362
6415529
3310992
1042303
5722941
6461421
6463139
5388604
2344522
5684859
1394254
6447249
5522145
5815443
5863849
6433087
1993546
6427964
6431016
1979215
6403930
6409216
5904609
5412568
5356172
5638735
5904011
5870332
2255283
5335797
2952504
5896025
5898948
5888358
5897194
5882045
5893055
5899941
5754491
5894349
5897952
5893266
5886027
5157647
5485685
5884429
5872168
2658973
1561616
4810465
4451259
5857074
4451133
5854256
5853792
5841469
5845177
5805436
4581223
2375236
5829961
5761456
5729208
5828207
5770176
5827890
5833048
5825174
5671162
5471092
5823084
1869550
5767504
5760802
5808697
5813665
5709812
5801993
5801563
5794790
2327127
1754621
5789611
4807139
5786854
5763670
5734313
5499352
5775700
5765596
5763781
1783644
5612375
5757912
3030532
5133621
2436302
5744396
5676245
5737697
1291594
5751338
5628044
5728054
5713373
5713558
5728674
5728491
5699396
5727533
5724857
5401773
5691329
5068407
5717669
5711134
5710790
4411782
5690884
1039455
5591055
5700294
1040833
5692787
5684895
5696304
5680919
5166740
5616027
5687090
5642673
5635056
5666594
5624983
5669987
5672871
5593742
3652882
5427764
5343993
1321883
5654164
5645028
2556425
5635922
971463
5626760
1928060
