2674142
971845
2816270
6967147
6959136
6968001
5211644
6964778
6873695
6959066
6963707
1550697
6960283
1299414
3043354
2894211
6885169
2832605
6834632
6956340
6950001
4731839
6897794
3726454
967603
6942833
2686591
2373210
969293
3381601
937804
5039580
5204264
2885268
6893484
6897862
5481684
6838810
6906622
4610180
6898645
5088244
2089477
6869289
6862136
6868442
3416987
6870772
3750366
3385575
6860268
6849549
6837160
6845178
6846913
6852119
3724954
6832523
6750140
6802059
6770031
6729699
5604099
3205069
6758320
6747920
6746792
4650063
5898245
6711879
6696190
6621834
6688355
6625127
1157011
6616004
6630183
4416108
1079498
1135471
6642479
6638778
1040347
5609500
1105384
6605830
6601428
4654520
6566211
6579524
6584724
6584723
6546718
3167602
1037243
6546346
2583036
6538580
6520278
4656438
3428687
987477
3690331
5869839
6446545
1542452
5896868
5888483
5884998
5870874
5830992
3066285
5709226
4463486
5804345
4456948
5796107
5807359
5775159
5787780
5758952
5765720
5760717
3678679
974782
5479683
5606684
4494281
3021584
5682319
5678571
2809232
5658925
1041108
3020949
5329835
2373851
1917018
5595501
1039553
5587534
2641641
5410762
5580135
5522151
5560841
2514476
5534923
5413006
5407466
1476787
2997618
5490483
5479975
5478858
5467334
1493225
5410052
1899267
5398259
2900596
5371630
5370451
5302133
5346303
986553
4763102
5252117
5258971
5246147
5105555
5294775
2681600
5238405
5247420
2843065
5262932
5121917
2855094
5255917
2728957
5254840
5244372
4448296
5063354
5225078
4839007
5214638
5178117
5187485
5207999
5143575
5151673
5125586
5119325
3302196
2209560
5126779
3296905
1047068
5117369
5105195
2301158
2753351
3725073
5040483
4821669
5032234
5032639
4709600
3714384
4717645
2608983
2579964
4737840
4762310
4803836
2717224
4780910
3679171
2456987
4702100
4757648
4756548
4755440
4751836
4745990
2601835
3056857
4724631
4701032
4657250
4634684
4633323
4634046
4629926
4628034
4558800
2563316
4599776
971458
2125771
4581430
4563401
1031567
4560639
2854297
2740513
4498447
4529368
4412703
4499204
4438519
4488297
4487029
4486672
4486286
2617670
3724511
4451910
4454821
2894967
4434462
4473839
4452885
4436092
3704330
4435529
4416342
4438128
4430096
3699013
4400326
4411386
4405626
3760925
4402504
3748877
3743346
3761100
3634999
2680746
3735339
3741499
3723992
3726952
2743833
3721991
3630705
2059265
1979051
3720719
3147369
3176129
3639132
2579102
979236
3720788
2576781
3714426
3604998
3704493
3707446
2609810
3694040
3686567
3565806
3142541
2683718
2605846
3692279
3677764
2599375
3672800
3629485
3670151
3668399
3668303
3667174
3665505
3665233
3267086
974213
3650988
3568235
3650703
3618052
3648587
3643945
3630089
3617591
3449271
3593203
3603378
3572436
3584698
3597767
2874524
3598648
1152727
2397930
2397930
977515
3331568
3582739
3585025
3578990
3377141
3377141
3101891
945595
2849476
3388600
2813527
3444225
3411687
3429664
3427293
3428265
3426837
3181202
3404418
3302521
3424409
3422321
3421619
3420117
1040375
3407973
3412196
3405144
2426675
2295670
3397365
3370839
3123445
3346806
3382952
3356312
3353105
3245907
3313555
3356536
3352000
3337036
3341470
3336294
3335844
3295299
3322415
2256815
3316885
3292560
3308678
1038464
3290820
3288356
3198176
3275783
3278409
3274089
3280880
3273134
3284285
3283142
3275951
3270286
3263022
3244088
3228823
3267365
2840827
3261953
1455491
3165225
3246878
2775453
3069307
3213559
3229925
3228453
3225251
3113054
3220829
2794523
3210518
3200443
3201845
3191554
3202501
3062445
3192491
3188990
3197871
2745510
3192166
3192495
3192475
3186356
3183664
1037343
3175074
3172504
2574889
3069924
3154055
3144153
3139459
3131802
3070769
3132624
2611059
2007473
3117964
3098992
3110773
2802875
3100134
3109203
3107956
3104854
3092092
2664534
3091996
3055623
3015765
3066495
3082057
3080326
3076137
3070918
3068084
3048026
3056711
3059548
3050423
2984584
3055637
2401074
3023955
3036600
3051063
2330283
2984669
3039771
3035462
2738301
2922059
2256680
2494201
2960895
3032600
3013535
3020570
3024377
2912111
3019886
2996093
3016840
2891464
2988159
2944418
