6897043
1229551
5525113
6975926
5651664
6975323
6975323
6970791
6963675
6746738
5317035
6932795
6970479
6957681
6823707
6962831
2938784
6954727
6950240
6954700
6949952
6951099
6948892
1812214
6951734
6949818
6949505
6809665
6930918
984308
4843324
6900961
6588945
6929917
6926199
6917875
6440881
6798485
6915286
4407451
4777092
6911993
6909990
3136321
6908182
6905812
3097542
4453697
6886806
6893097
6874417
1929654
5474979
1049181
2661240
3140902
1048354
980059
543702
1446429
6872807
2590175
6860397
5604222
979297
6787685
3251113
6861350
5235287
6667601
6834173
6642343
6826749
5050546
1263836
2624207
4850074
6600593
6837296
6553788
6765065
5156728
6807206
6806504
979911
4761938
6792541
6786914
6635701
1453489
5689275
5627541
6706793
2903682
6746428
6744735
985319
3192707
6728310
6645633
6631848
6730284
6729493
2571327
6623575
6717157
6601443
3339246
3210107
6708281
6705184
3362634
6679417
6683611
6679442
6680274
6449333
3759044
6663314
989195
6662788
5268237
2319141
6432923
6605733
6618561
6617809
979055
6512811
6598644
6593920
6576308
6544156
6594938
979140
6575788
6548885
6560150
6545878
4458070
2126003
6561470
6554709
6552212
6534441
6550844
2580896
2379670
3339042
2707890
2304973
6528668
6547196
6541180
6530772
6530132
6526819
6524787
6522962
6492821
6506329
2999080
6507217
6497132
6497131
6493915
6425177
6425178
6471475
6492761
5834511
6474131
5895390
6477493
4581917
6473313
1047347
5201866
6427802
6429706
6433657
6425179
4414770
6417675
2216663
6416453
3183865
5891076
6403003
5808523
5881932
5879914
5892489
3007943
5887935
5789047
5842742
5884437
5848954
5881158
5034820
5881287
3308704
1630870
3744283
980115
979152
978927
978971
978655
5793529
5851460
5843084
3275498
5095661
4622289
5825147
5621319
5822602
5196886
2929891
5817218
5814070
980146
1304429
1479305
1489898
4550105
4603670
5259799
5806355
5803909
5804132
5780367
5391725
2519995
5752980
5756783
5709052
5718167
1026265
978968
5335574
5691257
5699906
5617469
5595432
5635877
5651463
4826867
983703
5116249
5656398
5642536
5628781
4426803
5624740
5521820
5617472
5619914
5593905
1312109
5554105
4636309
5501484
990499
5486322
3315603
5157603
3068460
5481837
983742
5118232
5455851
5460664
5459603
5256302
5399279
5448547
5448547
5443723
2631953
5426628
1047389
5179521
5304924
5324657
5377693
5247511
2692448
5319200
5311726
5310470
2988089
4813212
1516133
4565113
978750
5252515
5257627
5245926
2976371
2737985
2728748
5234486
2000597
5230308
5220140
5212129
5187892
3653179
5151305
5146699
2295898
5059302
982891
3250421
5108925
5104146
1045331
1047847
5031819
5047264
977953
3367528
1412836
1270557
981460
4997167
4996116
4837576
4843914
4834543
4812712
4834428
1050021
980860
980345
1081508
4753896
4785876
4590431
4616960
1564551
2630168
4720577
1928028
4728573
980796
2645235
4617106
4666600
2693593
979000
4622354
4646241
3758434
4631554
4631282
4616986
4568768
4549822
1047414
4549188
4562930
4441819
4558953
4482254
1001251
4533799
4525077
4460707
4484012
1066089
4453709
4458052
1987974
2250112
4442460
4438412
4426834
4426821
3723380
3326481
3622374
3759844
3715926
3584561
2601883
3596945
3674720
978832
3351788
3676557
3627330
3598813
979365
3422806
2119646
3094397
3082158
3082158
3110543
3198191
3440048
3424990
3435755
1038577
3403457
3408559
2718199
3385567
3381788
3367913
2516296
3101216
3347246
3336084
980024
3232230
543462
3305596
1922213
3257100
3294427
3293038
992179
983128
1038382
983257
982477
976896
3151796
3254345
3269246
3163184
1433371
2126693
2695306
2391499
3263688
978844
2182368
2359581
2494766
2515077
979794
3197557
3153501
3104842
3218971
3195035
3120966
3024172
3198891
3085743
3135024
3153750
3074881
3049134
3108842
3150992
1168714
3124320
2697303
3111331
3068631
3068422
3056749
3050463
3044908
3014243
3027721
3017988
3006168
2962519
2685465
980454
2905729
2983132
2907600
2977464
2969686
2658537
999139
2959146
2153538
2927317
2907383
2892271
2897461
2896461
2916801
2906821
2894045
979022
2721888
2716989
2684122
2459224
2729283
2659052
2652776
