6811901
959647
6826795
2478460
2977720
3050923
2640781
2624211
6944418
6934971
2618805
1395253
6927570
969170
5889511
1729471
6895072
6898230
6898230
6893685
5901070
6889622
1148243
6876539
6875295
5489689
6861931
6829198
6825311
5557714
1430900
3378203
962418
6798805
4821072
6766155
1332046
6683122
5446517
6727324
6490877
5809697
1798658
6704472
1107302
963162
6676074
972912
3014325
973017
6643084
6553437
6513710
6645498
6613955
2093283
6629483
968421
969643
973544
3014359
6583776
6576625
1745517
6555686
964201
2646204
1159241
6539485
6497387
6503055
6474058
6469376
5651041
6470998
6438635
6442072
5879125
6255205
5903408
5857000
5889652
5870109
5870109
5773576
5870633
5870633
5825971
5825971
3755401
5482301
3664178
2797368
3363201
5571939
5697533
5656872
5672687
3420808
1045870
2802880
959356
971362
5594208
5626628
960705
4396262
4619818
5471704
4843756
5492863
5277213
3428115
4475712
5399781
5369726
5376481
3753227
973064
5165719
974046
964620
5295434
2149098
5110568
972193
5234651
5172502
4998402
2677341
965415
2679934
3733147
2742142
5158365
2569474
4612647
5040386
4818684
4792369
2521711
2670179
3670580
4718329
4715073
2716085
2793459
2793459
1950606
4435467
4580441
2499669
967930
2225275
4499309
961115
2421662
961060
963894
2428893
2457058
2527808
4441794
1790501
2448085
2448085
963901
3725157
3439827
3142773
3600867
2207603
3362908
961138
968293
1294962
3378333
3375462
2025287
2534745
3321822
969335
3161475
2811656
3248722
3295757
3192616
3167722
1907048
961143
2567020
2597240
1044263
3030303
2996479
2454185
2072639
969965
2091078
2854231
2825544
973364
963437
2801056
2750360
2727220
2654928
968087
2501323
2561372
962367
2533906
2532661
2496203
2484771
2469964
2436988
1022535
943761
2427127
2401780
2135362
2320276
966974
2258489
2315596
2279174
958831
2081156
2222600
967548
2303282
2235342
1290514
2173947
1760267
960826
2042586
2046642
2021858
2013086
2015586
1983413
1949468
1774065
974634
1627244
974580
1526630
1522763
1500887
1333216
958845
972708
1436225
966803
1291717
1223181
1030077
978888
960890
989850
961324
993279
961076
962505
967524
959481
963779
958873
973817
962810
961426
973608
970589
969300
970976
970470
969736
969747
970428
969800
968472
968948
968893
965658
965710
967091
968009
968134
967588
967481
967534
967644
967048
966901
966847
963927
964320
964705
962525
965438
965086
963708
961923
961943
962259
961831
961432
961406
960971
960431
960782
960829
960866
960288
959864
959187
