3045447
5557811
6945467
6592440
5859946
1020520
6977768
6977768
1160098
4709268
6972747
6976128
2942702
6967534
6940004
6698124
6792896
3170403
1019228
6957381
6965125
6971792
6853528
6969332
6785012
6965412
976013
6777203
3382585
1021949
6967615
4451626
1618507
4405329
5228762
6931206
5609943
5870576
6698237
6920624
4780585
6653426
5397979
3269268
6599203
1036591
6828420
3599662
5845895
3032829
2976366
2931562
2145665
2968901
6755739
6953382
6759160
2662401
3688801
6920775
6490655
6492335
6849063
6949328
4788904
2811775
6945334
6860114
6948101
2604130
2885423
5541365
5157314
6945333
5598932
5513236
2623751
6942008
6726396
2055810
6931969
4711264
5448300
3604713
6915207
6899040
5536586
6842908
1050916
6583751
6923735
4663538
1050615
6928779
6928779
3330197
4745945
6587797
6590149
1027867
6866199
6715864
6905204
6911361
1309926
4725207
6897929
6797338
4505191
6912330
6897321
5610131
5761892
6857252
6843561
6886840
6905684
6811452
6863347
6746977
6829410
6853076
6875145
6902019
6904969
6863918
6898321
6908480
6891773
1029765
5093530
3324491
6671037
6893150
6716462
3665087
6462717
966227
2582604
1674710
6894242
4759770
6875509
5533360
6882551
6745404
6837748
6866975
6878746
6861327
6886412
6848793
966203
6880933
6814146
5254218
1020323
4790588
1444670
6511328
6875012
6873597
6847168
3438668
6867129
1031127
6861193
1348942
6868714
5115716
3364398
6865317
6868139
973031
6860874
1032243
4448904
3579062
3624956
6850191
2657474
5318772
2763565
6856528
6779150
6818937
6826086
6839143
6705150
4416359
6709701
6761195
1047159
1049263
5085450
5817414
6463591
6642906
6846821
5748654
1465497
6828394
2531697
2917123
6844259
6842393
3303708
1036931
6827088
6842884
6842884
6797227
6839960
6837169
5185620
6741205
6808736
6836964
6835909
6815063
6835176
3675279
6825464
6823787
2321804
6555057
1053280
2540038
6810856
6632727
2571806
3718931
6791897
1075817
6822957
2250009
6816925
1035144
6812311
6803578
6720119
6587046
6809588
2367455
6694684
1036734
6734155
6803205
6782276
4578083
6794716
5697751
1021574
6780249
6786115
6781167
1240620
1294506
6781568
6475220
6753253
6756406
966461
5862949
6772712
1036770
1030075
3319992
1036857
6619420
1641625
5842727
6747071
5833564
5567026
6730098
6710288
6619229
6740600
1046896
6592704
966279
6724117
5851697
5237594
5463612
966434
6744506
2716075
6736177
6479538
1371779
1887048
6733859
3421252
1377480
6730925
3684120
3173921
4492011
6625207
5834813
6413640
6718841
6711612
976552
6685028
5309420
973563
1134618
1549951
5873577
968961
5896172
3045650
6654208
6650589
6644440
2051123
6690221
5054725
976751
4792994
5227575
1036107
5617199
6704362
6675788
6620605
6696699
5188248
5206745
5375840
5797238
6482018
1428175
6662086
6687528
5701032
6680395
2104940
1046331
3009611
6673379
6592567
6666311
2796248
2456770
3625353
5331644
6512959
971312
2329904
1091766
6403107
1036975
6473042
977425
6655906
6654127
1035124
5139696
6607603
6546007
6647820
6516687
4431439
5832466
6642908
4806407
3116391
966335
2506800
6628784
1037177
2530928
2531683
2411640
6510818
3284267
1021251
6524901
6620379
5722447
3705426
5693736
6618870
3568349
6615988
976814
1037362
5857042
6475969
6530791
1315610
1332820
6505811
3357273
6572238
5531597
1972999
3566848
6508838
6496077
6498047
6567212
6420517
6578869
5578808
6578422
3294578
6573807
2920709
6543289
4743054
6554136
6552045
966294
4617465
3250444
5821032
6554588
2041797
1026758
5118007
5869880
5326361
972972
5781827
1047659
5479245
1036123
5876483
6472321
5625572
3721024
6521895
6521471
4640211
6136447
5818051
5838128
5877746
6413059
6460794
6503491
5319112
6511209
6484853
6476803
6479937
6494413
5035077
980888
5891039
3590349
6508335
6507850
3277719
6471438
6501499
5827789
2890250
6495101
5292269
2769181
6439180
2027614
1526081
6477361
6448734
3676940
4453156
6464121
5745441
3654480
6466175
6461321
6447830
1709579
6420869
4500267
6442783
5897308
6425196
6427313
5877936
5815626
6135485
1042973
973078
5157616
5876411
1049619
5676804
5164804
5592926
5876196
6413933
5739689
5060344
6135268
5861174
