6615737
6976905
6917849
6918233
6974179
6974179
3062850
6918085
6959257
6966129
4663791
6804729
6934698
6588838
6807767
6546696
2848769
5870969
1065841
6842688
6872997
1135592
6944426
1816604
2537135
1808252
1850274
2049406
2964302
1027219
5809359
6816262
6687897
2523500
3339509
1274191
5534157
4794740
6433022
6833928
990401
6934786
5558776
6929847
5299209
5290992
2526869
5286864
6668606
6583704
6921502
2329432
1270502
1014759
6915757
6914427
6482679
6908209
6781083
4727872
985363
1134207
1319489
5313595
2104623
6400349
5537298
6870750
6729525
6897811
6902529
243544
1016369
5263042
6846794
6592447
1002929
1222337
6898923
6897898
6898245
5482305
985283
1702846
6842239
5353604
5304326
6876509
6882560
207408
6746142
6884100
6793925
6839679
6882069
6876434
6865412
1268411
6747189
6871643
6860975
5610165
1026131
4854904
6762257
6860317
6859987
5371182
6500282
6750176
6851949
3072084
6481699
5644203
6808427
6823699
6840569
6827174
6797801
6821570
1066025
6837443
5563911
5891146
6496195
6804900
6786408
5216770
1093543
6799053
1105766
6824561
6816672
5226995
6790215
6812483
4560576
5434985
5674555
6700751
6744728
207437
6811675
4732243
2044556
2644574
6805327
6405751
5588787
6566134
6528578
5223052
5658406
6796042
1338552
1475529
5553665
6792574
6789096
6780058
5616178
6778115
6779400
6781565
6762598
6730269
6758285
1103573
986074
2007170
6761387
6756460
5176311
6739475
2831035
1034922
6753479
3559670
6736615
2425430
6729902
6740514
6667409
6712844
6717251
4490746
6728680
1080613
6720511
6721711
5351854
6701578
6502632
6710687
6713460
6710988
5825872
1117989
6586727
6670416
6696256
5502411
6650096
6627969
2806660
1017036
5427573
5533803
6675906
5819137
3310098
207405
4632729
6671236
6586728
6666826
5085893
6632848
6607540
5409595
5125124
6605199
6658887
6658651
6651970
6560656
5094587
5585840
6650382
6649934
6546048
6648307
5255029
2991249
6526065
6640892
5372014
6630902
5588551
6473469
6617112
6627752
6602702
6612326
6596304
6605887
6606452
6598053
6593656
2968254
6591696
5587587
6590668
6524984
6591125
6585220
6421981
6582392
5377511
6572778
6569631
6535419
6559143
5551129
6557630
5082138
6566710
4397643
6562765
6550094
6558439
6552127
6543151
6528818
6536195
6535525
6548767
6545520
6522295
2362310
6536068
5492437
6542047
6540727
4546097
5658582
5602450
5818860
1027086
4810205
6526246
6530965
6522141
3027180
5363153
4429576
5155651
1154444
5233432
5691316
6425935
6480430
6497393
6518569
6516372
6522024
2794995
5246006
6515770
6520837
6506320
3101131
6501467
6408063
6502939
6502142
3268738
5690454
6417612
6494389
6486114
1220276
2804870
6444715
6470066
2243340
5563170
5538208
5607386
1431753
5798093
6440579
2692119
5558488
6402295
6401143
5902125
6414711
3741904
6405746
5844770
6405745
4651676
5496443
5881561
5865860
5859409
5632868
5870346
5867974
5864718
5840803
5840904
5840875
5859099
5846035
2615753
5844897
5851812
5840783
5843801
5833807
5842305
5828361
5807018
4444264
5829236
5833176
5796977
5825030
5748709
5792504
5783015
5822603
5712624
5490037
5810975
1030970
5755729
5800102
5804056
5806968
5667885
5799577
5794828
5793274
5789520
5792492
4808335
5720075
5780223
5764206
5360486
5773289
4520474
5755716
2857201
5744583
5642543
5739212
5727106
5724533
4744581
5536833
5715991
3140309
2814397
5719756
5712976
3676356
5709958
5530059
5697616
5698219
5666606
3662652
5698260
5694238
5693365
5680187
5691264
5690065
5684881
5678235
5651070
2427204
5682149
5671376
5401802
5314443
5576820
4447774
5630910
5676404
5673574
5670044
5667338
5668694
5661594
5669264
5667963
4441104
4442705
4429877
5662666
4694875
5653204
2096658
5645209
5545882
5633127
5644039
1070595
5636383
5635653
5627261
5067294
5632191
5621792
5622065
5619379
5606711
5606711
5609458
5596288
5592986
5584250
5588105
5584280
5551464
5576121
5564562
5561684
5575716
5567184
3153245
4646204
5562957
1869680
5547957
5424673
2498614
5566224
5485802
5530288
5551331
5478008
1015148
5553570
5550301
3708651
5537081
5528783
5514637
5535262
4586597
4770729
5532287
5531485
5526367
5520320
5520335
