6955975
6967803
6978718
1945259
6962905
6951142
6955890
6962963
6964020
1216711
6964901
5784718
6927943
2879104
6926909
6967683
2144325
6724724
2259967
5128309
6567144
3359415
6641092
6924251
5608130
5689614
6533038
5850739
5594446
6746353
6954878
2937249
6957855
6956928
5377267
6955853
5463241
6843348
3050806
6892801
5712606
5801369
6609361
2053008
2485691
5125368
3243410
5211490
6924249
6943392
6887924
2635992
6944022
6943611
2597204
1844406
6945832
5296804
6489015
6941840
2854395
5424702
5375725
6919138
6922055
6572070
6920868
6933609
2951884
6895864
5778697
2846212
6927226
6922589
6414001
5556055
5740637
1796011
6921490
1490967
6930345
2700556
6924250
6927891
6927891
6897873
6549530
6924736
5891931
3723782
6918950
6920354
5155869
1249933
6917067
6762702
6835287
6910101
6882666
4737635
2072566
5861147
5872621
6906835
6912844
3593382
6909030
2484166
5688349
2238336
1139406
6904215
6893955
6896580
6901248
2349228
6869818
6857473
6857473
6891707
6896075
5327785
6893670
5383926
1515883
3103603
6892824
6890611
6880795
6889152
5376421
6867650
6885489
6885903
6878222
6886009
6742205
6805043
1357362
6881922
6523488
5144295
6873396
1202446
1048226
6880595
6880595
6879773
6870341
6873354
6874706
6876197
6876197
6868558
2116384
3319078
5575441
1721761
2364166
1995570
5566235
6865340
6863773
6863267
2791661
6862215
6858174
3700790
4526906
2430777
6666506
6845004
6828851
6852198
5738256
6853398
6844526
3419896
6850183
6849608
6845972
3100663
1117246
6843142
6717848
1447666
6818258
6830420
2120851
4778600
2344701
3433983
5150126
4404656
6831112
6481386
6830009
6832049
4821431
6822324
6826250
6823960
6823667
6825123
6824818
6824365
1534368
5582582
5529832
5349904
1374611
6818204
1640223
6771515
6741441
6762685
6813216
6812579
6811387
6812271
4455042
6811678
6806078
6778296
6798782
6803166
6803113
6803255
5513313
6784322
4776630
5350099
5490482
2721500
5856894
6792591
6771917
6722704
4767385
4782505
2947264
6785106
4759489
4537117
5539058
2549701
6785959
6783936
5757206
6783885
6780742
6776913
6779948
3094660
2396796
6744446
6770570
6772902
6777751
5354554
1049824
6539387
2380302
6776288
3315856
6774143
6774971
6773243
6771982
6766477
6766477
6643615
5592143
5430115
6772017
6772090
6633321
5628484
5867529
3006107
6671274
3065198
6766774
6766774
2045687
3732005
6766203
6766203
6471342
6762640
6753305
6760216
1829067
6676395
1044041
6761243
6752401
6753196
6673436
5151182
6754589
4760777
5120618
6750991
6750991
6742657
1033999
6625796
6726663
4472773
6725090
6721143
6670475
3756302
6732947
6741189
6738112
5761477
6740147
5000023
5446916
6731112
5740461
6557510
5129567
6732234
4847489
2086754
6726694
3390880
6680996
6705910
6686408
6725562
6677789
6597142
5615102
6707229
6714024
2156111
6711545
2653762
4642312
6711583
6712128
6720305
1117857
5073791
6574086
6707210
6712159
6714215
6711106
6707879
1045319
6607616
5795392
5140680
6474817
2779036
1646309
6667783
6663674
2166125
6700301
6701447
6699095
3345424
5749797
6658715
4785745
6689138
6695009
6695009
6694593
6601198
6684118
6689763
5083422
5353883
5104165
6687144
6668086
6667905
6665936
6671150
6682581
6445697
4612686
6664861
955042
6676378
6680979
5551830
2195602
6596428
4537940
2013451
6662178
2886875
1194599
6631511
6665344
6660870
2721920
5665147
6660774
6546356
6656642
6631990
6618885
6648229
4651064
6643653
3451201
1283939
5163286
2571365
4759415
6642071
5519066
5625837
6514973
5421783
6638609
3681079
6617698
6627990
6631576
6575611
6505661
6625940
6586749
5821973
5129085
6627259
6628562
2829764
6570422
6625241
6572573
6619985
5331436
6602636
5748977
6547596
6610546
6602214
6502664
4720915
2080211
6606353
4552564
6593680
5128260
5576949
6596897
6586232
6557756
3630040
3638802
2645124
5655761
4454642
6594533
6588847
3157503
6556363
6588390
5549736
6586502
6582775
6578368
6580726
3294272
2815201
2408944
6571615
6575393
1979968
6573893
3199323
5755368
5726064
6413205
6567635
6568433
5528888
6557607
6567066
6564040
6566531
5049117
6563272
6518946
2236817
6558900
6554058
6552950
6552609
3370128
6549235
1302554
6482806
6540028
5422348
6541530
6543939
6544200
