3157295
6979148
6977915
6977776
938680
6964719
6970726
6970711
6848971
6971926
6972220
6944434
6971257
6969786
6945045
6964922
6962692
6964630
5831857
950636
6953946
6962208
6610234
6948365
6923401
5081131
6933250
6946951
6948251
6857844
6944045
6944045
6928284
1809357
5605151
6916692
6937845
6933333
6853774
1829435
995205
6879418
5812344
975861
6928322
6928186
1089998
6930839
6930455
6866206
6884044
1159783
6902086
6926375
6925533
6911719
6922042
4422192
6918467
6871188
2572065
1163611
6897203
1673612
6902753
6900360
223488
6900886
5205935
6892420
6895237
2651863
3100695
2994236
2850009
3357232
2851370
3103732
6893822
6851053
6874342
6844968
6878731
1286835
6876151
6483079
2695812
1051101
937672
6851764
6855053
6718898
223373
6864361
6864225
5523118
951719
6853700
5853269
3233486
6828106
6846372
6847771
6846703
6847764
6745936
6846157
6844724
6840620
5173347
223543
6837264
6794202
6744484
6826947
6830945
6807751
6794068
2525448
5572565
4998840
1997981
6689760
5296097
2116055
6807997
6796833
6817201
6815060
6572411
6807037
5636769
223440
974813
2736750
6798119
6792579
6740965
6792685
2902304
1232374
3086405
1116476
997937
223315
5236031
6773864
6775438
6736498
959236
5808262
6771933
2636511
6761538
6759347
2988290
3748863
223436
6761237
6712167
6755517
6753962
1452520
6746727
6752705
6698481
2345637
2855074
6504939
1950576
6734698
6735335
6659471
6706042
6737892
6549365
6736133
223406
6726634
6724887
1163390
6730978
6419419
1136106
6579747
6589728
2593589
6730150
6727538
5760272
6726906
6472004
6720379
994375
6717792
4824668
6625337
6687527
2656662
2820164
6711328
6697203
1359733
1979405
6706009
6706076
6704142
6499638
6700076
5765699
6696602
6688272
6694676
2710787
2592628
5200418
5410100
1116041
6685138
5157003
6679895
6676643
6620181
6665947
6607245
6583930
6654134
6655772
6449990
6653402
6606454
6646934
2737688
1116156
2454075
6526185
223492
2757062
6619524
6562188
6603447
6584236
6559362
6534377
2692681
6571097
6564983
6563650
5828461
2451872
6551877
6557464
1173528
5716243
6555406
6542786
6545114
6425152
6540241
6542270
6513626
6537985
3088265
6496481
6532652
5900174
3730831
6489945
5437923
6516254
3439864
2265542
6517168
6517616
1059934
6511873
1424699
2204999
1133925
6508088
6500603
4787138
2028709
6494865
6494154
6485698
6481716
6483494
6450156
6471703
2866651
6412535
6467537
5839695
5632267
6456948
6445790
6448466
3056867
5670952
6449603
6441289
6447184
6414256
6423317
6415945
6436293
6428101
5872697
6420338
1132833
6413419
6420962
6419313
6412819
6412369
5866752
5892978
6406312
1018930
6406814
6407632
6400257
5556783
5885201
6401788
6066391
6214312
5686457
5889560
5903347
5903061
5893628
5850954
5897963
5885761
5897914
5891562
5852394
5888269
1103976
5784039
5881403
5881966
5843996
5847959
5872051
5811814
5866688
5866296
5845513
1951267
5863811
5858271
5855879
5816589
5846289
5844602
5783545
5845036
3046242
5840882
5840864
5825328
5836239
5827087
4529717
2739933
5829089
5825882
5825144
5826920
5826568
4707089
5808311
5824414
5821424
5821990
5822221
5820192
5794371
5811653
5812126
5811112
5808821
5808116
5807783
5633951
5723388
5801523
5800565
4421195
5797115
5744483
5787138
5746771
5765889
5773178
5779237
1075464
5769962
5776783
5765258
5767068
5759495
5766904
5765569
944183
5740641
5759618
5759520
5754055
5749936
5708824
989591
5742549
5740610
5730251
5735657
5739754
5739315
5738403
5733161
5732994
1446971
5728206
5729834
5731565
5730448
5729767
5727370
5724753
5712296
5724285
5698603
5722191
5569412
5713163
5716908
5693326
5717293
5686167
5714390
5706470
5596754
5710836
5702306
5698286
5676502
5703207
5703249
5706389
5701149
2659485
5547303
5697950
5691728
4451177
5689537
5681110
5688317
5689105
5676357
5685565
5686566
5681323
5681301
5678908
5680063
5660711
5663990
5675469
1594976
5673816
5662880
1987958
5624854
5662257
5668497
5668904
5665200
5664614
5651551
5661472
5657242
5653274
5652709
5637456
5641014
5643376
5649625
3138110
5646018
2956665
5626565
5641427
2568532
5599087
5253746
5619381
5615062
