6977664
6917221
5897764
6972501
6972796
6972796
6829280
6969422
3122094
6967625
6955841
6806488
1086827
6906295
6928709
6931443
4826041
6729795
1045315
6919860
1046383
1040113
6900987
6904031
6900973
6479032
6888212
4779678
1417445
6849048
6826664
5282076
960158
1030218
1040124
5411116
4774337
6634375
6779688
6779688
6672689
6461425
6745057
6727773
6551780
5206715
6726604
6573207
6551858
6642376
1104529
6653955
6621916
2062075
1450865
6407465
1100984
6468533
6518424
6515260
6516492
6496148
6483893
976938
6466568
6461203
6416610
6436564
5690999
5893327
5885814
5869747
5859776
5843783
959827
5816775
5804740
5791151
5791500
5701206
5775308
5314842
5526288
1164421
5773209
5754692
5104297
5719482
5721130
5695407
5705039
5390769
5050298
5200932
5609229
5649094
5637630
5623049
5625201
5589275
5552432
5570073
5543649
5095587
5540032
5528465
5488808
5525474
959966
5432341
5504548
5350087
5449283
5319670
5419946
2238416
5401722
5264999
3639559
2182809
5283163
5370516
5109227
5314726
5293250
1039335
2437571
959768
5270635
5094670
5201713
5226826
5222044
4503129
5190623
1970371
5142079
2444171
5181827
5132390
4824971
5149054
5080583
5143476
2685961
5095240
4859154
5076123
4997757
5064499
2026490
4846635
4847888
4804332
4820009
4851863
4802804
4789346
4799268
4736582
3294498
4498013
4626201
4610130
4575848
4559076
3680664
4569841
3717533
3729951
941333
3268465
4432647
4488615
4538057
4492329
4458514
4440161
4412960
4419839
4415626
3635281
3762450
3438330
3695695
2911553
2718509
2363849
3592922
3407571
3275871
2611678
2151335
3252291
3252327
3215862
3221329
2449035
3215166
3174163
3143878
2889145
960727
3101662
3058400
2970393
3064468
3005681
2987293
2903050
2974918
2972524
2473875
2830647
2717868
2469373
2821061
2829676
2460310
2799113
2708746
2568982
2538609
2466037
2503819
2437917
2453375
2458712
2468642
2430409
2454153
2454153
2442297
2441924
2435908
2435740
2429953
2167833
2402439
2414830
2351615
2400157
2374631
2373274
2376318
2375078
2359924
2286380
2345762
2342408
2342371
1420745
2332081
2332523
2328616
2321676
1040028
2318028
1058983
2304318
2226064
2281196
2283579
2176230
2096065
2270860
2272627
2235943
2219750
2270692
2230914
2245078
2176778
2243175
2237487
2227721
2234772
2231781
1040400
2080945
1291622
1512205
2224773
2217934
2213056
2209747
2208708
1297780
2203942
2206629
1037282
2195426
2202570
2201395
2200502
2198049
2196912
2187640
2187162
2187073
2190635
2190995
2183743
2172879
2185421
2088440
2177255
2179385
2179447
1541715
2177339
2175227
2151850
2168722
2168154
2158790
1046251
2125825
2160942
2139828
2148927
2151969
2156081
2065756
2148962
2134266
2093727
2136552
2130686
2129948
2088594
2111325
2122022
2106794
2029641
2099113
2085396
2097516
1557680
1982597
1708113
2080516
2052688
2064600
2082269
2064409
2064595
2069217
1459305
1642232
974118
1950060
2008970
2027693
1449823
1449632
959752
1996220
1977222
1976847
1990916
1951340
1916598
1872100
1897011
1838516
1909327
1106009
1929119
1915980
1899765
961073
1851545
1039703
1324439
1837043
1371657
1136585
1765956
1779481
1719058
1694044
964384
1764218
1723039
1712485
1699721
1042419
1468188
1688375
1683675
1279268
1671800
1645295
1642229
1642251
1522206
1607574
1613781
1357786
1502735
1369636
978510
965618
1474294
1327235
1350081
960031
1361859
1251638
1040484
1391991
1382579
1383858
1353966
1336833
1315960
1273263
1227073
1246770
1043027
1259677
1169427
1255862
965532
1187691
1194743
1189803
1115640
1053236
1174036
1154689
1163142
1139959
1147686
1111213
1107850
1116242
1106242
1085990
1044580
970227
1040163
1071247
1078595
1044900
960249
1054572
1060019
1040798
1040860
1042271
1043455
1058693
1051893
960177
1041812
1043146
1042480
1040290
1042759
1041908
1042558
1042272
1042311
1040401
1041555
1040834
1040813
1041031
1040545
1039826
1039888
1040081
1040145
1039857
1039744
1039789
1039672
1039409
1038225
1034916
1031376
960087
965631
972268
959720
971432
960040
968580
959959
967862
964505
968224
972653
965785
960859
959803
959940
960128
964481
963677
963605
