964678
6977938
6977938
6975706
6954981
1526858
6965719
5129015
2130795
6962718
6962718
3004045
6905286
3134895
6937189
6953902
2627866
6607341
6931569
6928614
2117488
978236
2030739
5621462
5643556
6940128
2648675
6838043
6769825
1536274
2818068
6520776
1226800
2443435
5188225
3279442
6638813
3310932
967688
3047805
3596492
6907903
6894083
6730240
2496605
2671146
5050183
6727898
6470666
6875874
6469293
6777549
6839149
6810004
2872544
6863516
2648251
6772580
1066526
6766613
6754507
6751596
5636975
2572812
6788426
6838832
1159613
6804830
1476895
6440068
6814287
6817204
6774504
5676171
2848876
961264
6728522
4750528
2843234
3276323
2814755
5843742
4730600
960933
6774886
5648943
3637254
5308259
1803187
6620110
6767705
6742034
6749862
5468268
1264343
4722566
1291685
6419554
6699938
2490438
6641868
2124155
6688840
6639995
6694826
6700227
6708106
5661181
6692151
1492142
966671
1205636
6644145
6522771
6480097
964356
6539116
5807997
3645765
1040927
1271241
1847178
6621966
2254995
3080218
6627364
6627364
6577156
6617432
5804785
6558024
5471161
6535316
6583435
6420295
6421751
6465606
6402945
5782763
6478605
6559313
5786385
6423034
6567131
5698518
6544049
2887505
6533403
6549309
6539465
1040304
3627361
1250509
967078
6522537
5296099
6514745
4642308
5692777
6454310
6500670
5676200
1225838
3645208
6450007
6440722
6435801
6440602
976069
2197728
5077664
5687961
5550923
965212
5762189
5698110
5806979
5825324
5885434
3051040
967472
6459418
6431580
6430460
6421495
6405961
2216014
5847132
5688482
5885703
5884324
5871850
5840525
5874998
5869951
5856129
5847155
5845643
5744731
5830054
4464074
5133823
2811806
1047209
5788876
2316331
5760039
5753776
5751443
5751506
3280119
2909483
972866
5718764
5710938
5660617
5646315
5652855
5682845
5706277
5683426
5684368
5665965
5617803
5564228
5579725
5614774
5613240
5578806
5462206
5578331
5587223
5570551
3674066
1374000
1463556
2216431
2461712
5551225
5539877
5544418
5523345
3210527
5515664
5491424
5492099
3408157
5422934
5451543
2800637
5508342
5421557
5494171
5496476
5414672
5489563
5465762
5460178
5461167
5452835
5454048
5432386
5443131
4464935
5426647
2147394
1772120
5397300
5407676
5405986
5365116
5392141
5392928
1739988
3698738
5372144
5366374
2494532
2425124
3110687
1083405
1916221
1395150
5310586
4470182
5267762
4830901
3439772
2952762
5306550
5297602
5297638
5287891
1565203
1052013
5276560
1104224
962289
5239612
2560601
1388394
3656126
5168948
5142355
5146033
963081
2054589
3117858
3297479
2473802
1270355
3190507
2493195
2290945
1241856
4738490
4847995
2520501
3003752
4726218
966699
1878926
971753
4730524
4722231
4704001
4664484
3616332
3755618
1804093
1973643
4456093
2583913
4567946
4510769
4561308
4538321
1040384
2807360
2806639
4486601
3371661
3587356
4461097
2324901
1916464
4419349
4422325
4429221
4409857
3682578
4414217
4413224
4446562
2201647
951710
1948789
968676
1401027
1049105
3259726
2366940
3679857
3582477
3616358
1091106
3584395
3580240
1760751
2728153
1284177
2421517
1745812
3395770
3576717
3435729
3407016
3405956
3397473
965057
1143245
1939676
3368114
3163329
961008
3282275
3238676
3329963
3338790
2559140
965032
3300479
3023455
3298893
3293837
1437472
2408158
1948772
3238385
3222754
3199250
3209116
3183785
3036988
2201576
1835910
1996396
1049638
3178192
2441423
3164347
3140617
1305970
2071249
3144863
962022
3131611
1044896
2749148
3040708
3058743
964281
2721201
2131027
973974
3058648
2753531
2740090
2970849
2941317
3013805
2971229
2990627
2962314
2959724
975000
2979175
2974015
2167879
963323
1299549
2923065
2905178
2908600
2905540
2880976
2870592
2426532
2868132
2296524
2877486
2873074
2862892
2724742
2863510
2837323
1902743
2716153
2798397
2756223
2774492
2755957
2749920
2745559
2596646
2715715
2606824
2728326
2591837
2629921
2542860
2671864
2342675
1290388
972543
2511086
2598904
2393435
2561256
1649668
1919022
2530156
2529405
2532048
2489750
1388325
2455049
2483260
2479143
2487589
2488556
2402571
2405793
2479188
2091150
2428892
2416858
2428091
2392819
2420899
1448809
2415739
2165901
