6749543
5366447
2897259
5368377
1858472
2986173
1561229
6852140
6877347
6967167
6967920
6763288
2636484
6977102
999109
6979271
6975473
6978153
6977568
2722956
4722820
2933516
1369905
3730057
2847990
3742393
3680101
6971330
3143808
233074
2732208
5368420
246313
6974500
237960
1513615
1968813
6968955
213643
5223811
1180986
4495176
2738773
976315
4716736
987506
6974416
6974368
1109298
213700
236281
2609672
6974122
238456
213546
2638707
1733761
6972082
6971176
6973245
2228677
6975479
2279867
6849979
3069150
3031642
6971166
6965888
224257
1487825
1150203
6903839
6963756
6970459
229961
6971840
1115497
2717447
6962613
6970758
4738030
6970570
6965102
6957141
6957293
2584329
1839979
6597115
3160070
6958145
6965919
2738755
6961520
2730936
2746180
2928624
3001332
2914494
6961522
3033350
6954873
6423705
3028607
2785042
2669607
2979862
6948255
6967512
6962994
6961493
6954315
6962287
6946003
6965814
3223972
2994894
5768848
5339123
947221
6963964
6960726
2643345
3759394
6963430
6730386
2238048
1310845
1245384
6962451
1637618
5644059
1390281
1906331
4576649
6959731
1783408
6962065
1562277
1533435
1727700
1618970
1562911
1733577
1700367
1589753
1637649
1912481
238468
6938740
1371142
2983902
6958331
6956087
6858156
2957401
2953190
2965135
2744320
5885851
5119223
3032091
237966
6957220
6960175
2905644
3042183
6959309
1014877
6959057
2907220
3765220
2643766
6959004
6957570
2978067
2388039
2183867
213656
243558
233970
6958455
207608
6941001
2852823
5536658
2345724
3039341
6934893
239065
6953214
6952441
6909948
6935330
6949928
244617
213578
6895289
6949996
6950011
1750337
1624171
6931705
2982174
3308260
1637518
6940036
4584426
213662
5086351
1060426
6705520
6953127
6945074
5840132
6948219
6403034
6949753
5741267
2679686
2128793
6927230
6947136
5717129
1212169
4447501
1313236
976921
5188468
6949486
5401306
2845324
2829655
988241
3632868
2598112
6941562
1112721
1419561
6943645
5166971
6877434
6901809
6915034
6912314
6921599
980788
6947985
5126478
3057885
3444325
6947241
2189524
6931120
2958001
6944306
6945676
6943737
4414163
1694403
6926302
6931406
2438899
6928041
6926319
2656347
6932592
6936552
6941566
6942973
6943438
6931987
2728177
1086485
1340888
5391185
6940120
1498293
6739513
6942428
6809883
6811561
3407716
6942337
1736277
2664809
6857393
6911758
6935586
6937437
6933976
1616447
1977374
2550398
5167792
6910024
6914999
6933809
6933821
1094213
6926978
3689659
6917900
6882568
6917630
5503015
6935403
4858739
2875425
6868488
6889253
1053603
1075185
3058379
1408575
6924045
6932272
2883953
2394368
6929104
5716147
6826613
6927272
6909706
6846543
1667701
1082560
2168693
6922491
6928828
4549116
6925709
2033078
1086793
5571543
5257277
2815084
6922754
6924315
998327
6925781
2618958
6839452
1888421
3197622
6925361
6899285
5860839
6925112
6921278
1221002
6924119
3414355
5053402
6923640
6922693
6920750
1331351
2840008
2632661
1038573
3347800
5382975
6913943
6920537
6822738
2336672
6579932
5534351
2632636
6914572
6920392
229092
6921889
6921306
5564582
6863944
3582296
6906172
3435855
6911405
6901628
5709969
1378157
6917123
236980
6919296
1591583
6919612
2807322
2893994
6918147
6911137
5735102
6915213
6915457
1668142
1085766
5869925
6824210
6917007
6915708
6906024
2611320
6789757
6719858
5671789
1593357
6908368
6820171
6913169
6911210
6912004
6890282
6905861
1208822
6816446
6908502
6437547
6900216
6909425
6907273
6888809
6407689
6431509
6908832
6909695
6443773
2626002
6617855
6909255
3189374
6906885
6907989
3147207
6771566
6907693
6907967
6906820
6905855
6903865
6906129
2125193
1589292
6903797
2100624
6889306
1737056
6900603
6897341
6900786
6904341
1408109
6872097
6885215
4511663
6682277
5327523
6902963
6903141
1237876
6897889
6899797
5657085
5053976
1729371
6897756
6717200
5393191
6878536
6572199
6900375
1152373
6899079
4550469
2955045
5892242
1537424
2331169
6886757
5319967
1002100
6895006
6896955
6896946
3675721
6898167
6887936
4802732
6896973
3016843
6895596
6890771
6875014
6896570
6895103
1418135
6890928
6719879
3031675
6892664
