6978907
6978984
6977758
941701
941212
6975580
1902907
6970835
6971374
6975120
941165
957603
1959632
1888968
940828
6900155
6881423
4734237
946967
4770015
6826111
6971217
6411206
6973157
6973157
6970964
6934932
4835349
6958669
6972245
6972245
6971154
4794158
6967689
6964496
1256223
6971351
6971351
6867026
4739854
6832536
6967611
6970356
6970356
6970269
6970269
1209323
1213199
2796545
6964881
6967691
6960071
3744881
6920131
6898002
5071380
6964258
6964258
5171196
5171196
6797500
6797500
6960879
5457241
2265597
6942968
3180932
2189705
6953637
6954799
6953249
6915464
6958091
4631354
6959416
6960784
6953433
6958423
5305506
2901580
6482445
3133816
5314401
2018242
6951305
1804011
6956245
6785371
2924984
1721895
1904367
5090003
6936524
6939878
6953752
6953752
6472180
6702340
6952821
3071909
6942041
4478735
2217534
6882816
5128849
1667355
6945712
6941655
6911031
1845936
1868295
6948901
6925432
6925432
5480117
5158350
1577235
6882564
6948836
6739438
5376896
6555163
4560663
5617654
6922804
4827830
5125658
6857868
6941470
6911271
6886756
6737350
6764865
6721101
6503305
6937988
6939531
6939818
6549751
6932495
6938414
1862228
1751829
6844346
3702128
6925852
6695908
959161
6919777
6920235
6920235
6923904
4633508
5211336
1552768
6929163
6932750
2507432
5579829
5591804
1991138
5061704
3077091
6823791
3752059
5612611
6686286
2311106
2343818
6649942
4484359
5215151
1985669
6930259
6930239
6930239
1942329
6767772
6928316
6813397
6927161
6924637
4821061
6925717
6760348
1757695
6924928
5682634
6923351
6433368
2999057
4509611
6906110
2019421
6913722
6772398
6824434
6913704
2176443
6794987
5119005
6915745
2111229
2019215
1996136
5595125
6907536
6847986
5859054
6815980
6836564
6881884
4657893
6894010
6704097
6906207
2882413
3258394
1976223
6903267
6894791
6888918
6882514
5869648
6556688
2332176
1297991
6574117
1587711
6851154
6898773
5753058
6895789
1785814
3710947
4608110
5643402
2273908
4590349
4593733
6895347
6455679
6530808
6892118
6881004
6883816
5405649
5154371
6421481
6571897
6818938
6827704
4718301
6888731
2246352
1107240
949459
6876770
6870701
6798855
6888081
6887198
6878767
6879457
4543676
6883494
5198294
6844667
6879453
2253493
1337744
6776952
5624408
4719143
4592279
6814980
6876650
6874632
6878513
1202593
6877667
6846672
6863843
1438311
2861662
6637366
6863400
947046
5589281
6863736
2994056
6771601
5206359
6776890
6862216
2019262
2106115
3420895
4656566
4666201
6776911
6620556
5100264
1165942
1617861
1847219
1961335
6628846
3338214
6854108
6794330
6492392
6803562
1871068
3765004
4768854
5144976
6855651
6822039
5094427
6815050
5171483
6848410
6844722
6857203
4854865
6840287
6854262
6853659
6852212
6849600
6852965
6851848
6847271
6614007
6823773
6845981
1955217
6846568
6845295
6839592
6839809
6815316
4757869
1795518
3016658
1427524
6827994
2013512
6843923
6843923
6832408
6823411
6838893
944203
6833954
1834415
6839428
1306623
2925855
6707197
6814899
1800473
2019461
6828521
4641408
6833356
6831596
6772708
6834473
6834473
5127349
6796961
6832232
6815638
6735740
1226784
1146024
5117912
6497556
6498712
6825028
6821458
6816491
6823043
5626036
1726407
6821510
4659298
6803940
6817967
6806436
6726366
6819506
6817777
6816280
1960198
6440549
5250851
1783357
2027782
2010776
6816652
6815429
6814910
6815743
6813743
6813461
6795450
6803906
6791474
6642748
6813317
5212988
6762081
6805669
6806594
6567595
1115260
6760626
6718694
6448731
6760504
6659466
6803154
6773366
6775677
6776616
1519817
6787436
3173059
963833
6792382
4487562
6794226
6801016
6579978
6791930
6799913
6799913
6797612
1353960
1226664
6601304
6796647
5408027
1980222
6781935
6794760
1980757
4715245
6671273
4540200
2405421
1843289
6789120
6791997
6785403
5082695
5221719
3561783
6790236
6660392
6563829
6416744
2844069
2131647
6786033
5080026
6783866
6784887
6784602
6784602
6782479
6718036
6755449
4659721
6654881
1443943
6779565
6778849
6778214
6779236
6771110
3681075
1738912
4628163
4765645
6760682
6767744
6771837
1906374
6770204
2018709
6756266
1923004
6629761
3283381
6761170
5660962
6771740
6771253
1040756
6769254
5753096
1220334
6766007
6768290
6767446
6757815
6767724
6767724
6642234
6599499
1849299
6753873
2952165
