6971197
6177795
5842938
1382821
2800611
1177930
6969237
1200746
6974258
6961873
6962076
2849860
2851167
6804364
6968145
2117200
5150656
1072016
6675807
6936664
6951149
6879964
6918724
1526311
1204894
3729723
2082383
2846137
2139544
6961987
6954858
6639601
2750523
6959266
5198110
2674242
2599325
6954116
5807263
6943330
6944739
1209222
6940063
6940063
5682356
6908788
6946070
6948127
2142092
5297968
6939516
2124431
1861676
6941652
6941480
5872568
6940476
6933181
2149946
6937381
6924551
6935784
6932341
2510248
6915448
6927146
6450065
6754346
6922146
6927921
2355953
6540292
6929435
1099596
2530545
6926860
6927293
6927293
6549136
6926277
1023942
6923699
2677447
2849910
6900564
6920225
6911060
2523720
5343363
6896440
1283259
6895220
6900007
6896455
6882332
1352514
6833418
5286498
1604587
5623045
2570029
6896439
1139096
5350391
6894037
6886529
6889467
6890575
3068018
6882456
6558597
6826940
1143864
3563050
6563653
6873423
6877852
221750
4551047
6881833
6874687
6850034
6867446
219630
6872604
6834958
6868419
6742656
6861991
6746214
1070406
6865273
6865827
219597
5233890
6821990
6857490
6847556
6857242
219696
6815121
6859911
6796945
1471314
258464
2555108
6822827
6706349
6854177
6740714
6754932
1932244
6835250
5367772
5314970
6850687
6848668
1914788
5506674
6835640
6778371
6781226
6844945
986878
2987252
4814484
6831632
6787033
1384817
2616958
6834816
1471598
5082622
6828622
6818512
2893204
2467725
2502546
1142160
6720874
6804526
5709837
6735428
6790534
6678196
2753005
5259306
5403903
6804751
2729540
6798900
6795363
6661019
6620325
6699353
6742340
6770083
1466770
6657766
6691900
6720876
5087214
5405192
5680260
3029947
6794632
6739115
6793808
1222093
1861103
1070685
221875
1144346
6788587
219662
6779303
6784314
6785839
6661183
5226867
6783030
221714
219555
6749650
5085366
6751379
6779926
6764597
6772267
219611
5523127
5391210
5639246
6661108
1446909
6404448
6772001
3725399
6764308
5571120
2222328
5170698
1143293
2451181
3758983
4522866
6720875
1216491
6751983
1263941
6753939
6714445
958849
6752150
1086377
2731915
6739289
6746525
1478400
2581863
6730756
6662702
6730376
6731969
3025219
6731341
1172843
2057169
5049039
6732463
6728552
6729698
6717122
6732549
5784382
2530587
6728147
6721883
2195096
6727709
6660447
4759275
5825065
5411822
6705386
6721402
6720071
6713387
6689812
6415666
6715058
6713509
4608532
1020516
2388362
1432730
6698676
2805078
6680881
6639247
1219748
5217287
1339642
6693138
3007824
3041364
6656393
6631509
6688511
6637764
6657696
3173517
1214651
1101217
1076213
6671227
3428423
6611341
1054859
6666661
5369860
1719977
6662918
3755185
1435972
5899393
3321669
3066014
1059629
6662259
3195138
6662163
6660570
6651102
6620416
5251260
6638435
5064782
6627980
2780526
6643369
6638193
6650513
6642313
6646658
6609352
6639855
1259612
1897086
6637074
4848849
6637458
5467693
6626259
6634430
3373619
221738
219605
6546476
6436014
6583959
1050097
221855
6625618
6408352
6571229
5031885
6587177
6614528
6616755
6616995
2982305
6618056
6615601
6588187
6611790
5510375
6607848
6607366
6550615
6574179
5205891
6594912
6594913
6594914
6584805
6541287
6540571
6569663
6590372
6584476
6554841
6557545
6582195
1335398
6574210
6570712
1044047
6562234
6570437
6549579
6567728
6566640
6511303
6565040
2346455
6562465
6557888
6560254
4445701
1912267
6550783
6551603
2741621
6548092
6542489
1071154
6543410
6537672
6537267
6413072
6523391
6531509
2536878
6506607
6507383
6515569
6496668
6442917
6496790
6497961
6504416
3032297
6503291
5779756
6491218
6485504
6490929
2708551
6491862
6492414
6488785
6478947
3641112
6465007
6483900
210937
6476261
6470696
6469889
1600449
6462348
6454485
6466273
6401688
6414558
6465135
6466704
221853
6458708
6453685
2225633
6447189
6444357
2360774
6431961
6438447
6411982
1142947
3191874
6432767
2235001
6430551
2213533
6430161
5891882
6426942
4765145
6420376
6417431
6405049
6419941
6419062
6419940
6418209
5867733
6406785
6413802
2364754
1097320
1514470
2162995
1114806
6401292
5904219
6402190
5898384
5832756
3665280
1318892
5896128
5882493
