2173859
1787890
2345819
1503082
6930863
4832838
1143526
6969350
1294912
6969317
1413776
4605631
5886194
6594669
6825450
6955592
2963377
3043436
6909592
6954837
6425071
6898502
6931715
6945295
6945601
6931959
5712635
6552767
6927966
6922400
6408204
6672017
3571710
6537830
3043427
6929921
6923242
6926212
6930229
939500
6920677
5888546
6903139
6908820
6911495
6878490
1055582
2717631
5873152
6906543
6903248
6893407
1415597
6721626
1344378
6879575
6867821
5794379
6873910
6864352
6867392
6830666
5428455
2297126
5713455
6859610
6849591
6534419
6840537
2776870
6666345
6852463
6849389
4801774
6828732
3602973
2235642
6805634
2877140
4564648
2679442
6830991
6827657
6829137
6823039
6733603
6823620
6808766
6807762
6823253
5737125
1144541
5579215
1959508
6810874
2834904
6792891
6791752
6790994
6792177
6787531
6443411
6782940
6773194
6763196
6783375
6767378
1706110
1371083
5266604
992920
4429528
5680908
6718513
6751743
5704887
2938368
5246067
3679501
6575588
4631895
6746926
6748688
6745505
2704713
6741784
6699477
2660339
1265613
2683496
6737556
6480158
6737401
1596369
3237669
5305618
6729092
5580696
1106740
5671843
1644968
1050913
6718610
2377568
3600969
2668267
1168603
5760876
6697424
6705873
5436536
1073922
6699133
6695218
6698282
6692534
1383265
5814235
6690102
3727826
3025800
5798689
953717
6687516
1423059
2315524
6674859
5842940
2602745
1327181
3343380
6671640
6671472
6665634
6640062
6648206
6659942
6654150
2719011
5660855
6562614
6629405
5353756
6652481
3619072
6642027
1281947
5714269
5862948
6634085
3569449
4755032
6631794
5429866
6599232
5175247
5838311
1505684
6616609
6587397
5531744
6599536
6605510
4704930
4428527
6577420
6597596
5184068
6587803
6585066
6572518
3289551
5756124
6573513
6561677
2951514
5575883
1600385
6559328
6550434
3703512
1253660
2550308
5790372
6538566
6524782
3282703
3272155
6520313
6514116
2677723
6511180
6454071
6472304
6490282
4834885
6487226
2581352
6484679
6463291
6473101
6460039
2971986
5809144
6475946
6460059
6451447
3252879
2241418
6424131
6437468
6440972
6405558
6404820
6430991
5181659
5164675
6442074
6430876
5727308
1527219
1836219
5884616
4702524
6434002
3415675
5399814
5814502
6430011
1491829
5173043
1306078
4538432
5723966
5886103
5889976
5895570
3451507
2151018
6406907
1071063
5902343
3067647
2146226
4538546
5450347
5900058
5900995
1051637
968813
5891156
5646433
5896198
1394015
5896467
5626829
5716876
5861830
5890275
5799077
5881765
5865865
5735611
5880004
5884697
1496263
5862515
5859329
5859441
5742756
5737144
5461427
5752976
4755524
2739492
5853674
5829119
4846060
5816315
5846774
5799202
5853020
5689783
1794164
5842459
2659988
5841297
5831896
5807380
5244884
5810693
5799675
5057665
5686830
4558076
5382632
5759822
4807384
5359040
5606564
5779896
2753907
5797936
5519709
5519878
2312834
5792670
5787346
5770891
5792195
5785394
5742700
5784630
982408
5774502
5779205
5760606
5777181
5766476
5770303
2896550
5761262
5768004
5759649
1542616
5753107
5739594
5748511
2821697
5685657
5719479
5716658
2779907
5698560
5679254
5297530
2417109
5664626
5710239
5718984
3599335
5462874
5711906
5689051
5691549
5694609
5685089
2380145
1457883
5700543
5502027
5406328
3666869
5689022
5687944
5685588
5661372
5666507
5679875
5679911
2371158
3666486
5050375
5530991
5659163
5545179
5660512
5652878
5644876
5652584
5174389
5625674
3027643
5632709
2454568
1885003
5619299
4438545
5628025
5505490
5583768
5620906
1172963
5620589
5618179
5614998
5612169
2647557
5612547
2667517
5586633
5603270
2627248
5599979
5601102
1576267
5588745
5597425
5597313
5571088
5536168
5584750
5586578
1181168
2794132
5507873
5552258
5579835
5565977
3349840
5568197
5491267
5571395
2905335
5560487
2307444
5272488
4635803
5545663
5547984
5547272
5544371
5535502
5534382
1695248
2270803
5529546
5528084
1562873
5521133
2506898
5517150
1756099
5514947
5513689
5510456
5506945
5506495
2721564
5498414
5496270
2810920
1514480
3294767
5497416
5481752
1664011
5475537
3685639
5096318
5456431
5464835
5466907
4436419
5419823
3137105
5437984
5451401
5387784
5387884
