3032191
4766695
1037617
5688120
6859382
956026
1038286
6855946
5280035
6419471
6819308
6807759
5080464
6616674
955972
6646607
1703555
2006028
5532549
6488252
6468385
6419470
5833634
6419469
5602540
955632
1133665
5705296
5295685
5061727
5689633
5640209
5331997
5374410
1413032
1363807
5033430
956149
1039129
5541000
1041457
957377
958039
1044088
956543
1037670
1037721
963968
959109
2203101
1497488
3736965
1038381
5264427
5257326
5257300
5166926
5187354
4560218
4831473
4828982
4828982
1038107
1038083
1038711
956944
1038247
3681258
2202781
3762852
3252304
3639013
3323115
960182
3670586
1039256
954159
1044565
1039257
2171160
3192676
3198246
957737
1039963
1038922
958668
1234298
3012504
2693655
1865267
954889
2528311
2557221
2518560
2268455
2373690
2273609
1511962
2288752
2192886
2241807
1841903
2237401
963574
957973
2068402
1898316
2023436
1703531
1807060
1611503
1611501
1611497
1074565
1421928
1039222
963366
1037749
957876
954793
963448
954232
963554
962966
963277
1039433
963047
961455
955423
958630
956190
954950
958521
953730
963327
956677
963516
956749
963411
956576
966693
1038296
956202
963182
1042540
1038777
1039033
958528
956363
1038551
960256
1038119
1038397
1038226
1048178
1039407
1040450
1040272
1037707
1038411
1038207
1037876
1037783
981416
958207
964163
964232
958595
971320
971842
963586
968360
963249
962168
955961
958270
957869
956953
956511
955548
956081
955114
954207
