5330575
6979638
6880067
1174065
4409331
6978339
2269683
1135899
4425195
6977559
6977559
6929597
2608055
5553103
6968374
5772883
6861067
6540852
1134935
6967627
5216803
6961362
6958479
249253
4763217
2261841
6941034
3342427
6931475
3035334
5241185
2959191
6826046
3014409
6965003
6954031
6550089
6954034
6954324
6952403
6958754
5207926
5748438
6812561
2978470
6948246
2898537
1576367
6768637
1803738
2880195
6926985
216984
6791187
5801705
2726829
6866268
6944497
6947686
6930407
2241764
2339940
2672262
6888451
2684886
991305
5782960
2664110
1831126
1827783
6854486
6829881
5537371
6774494
6866464
6927822
6922606
6666409
6941645
6938187
6905118
6718934
2462237
6707570
6929977
6924274
6919752
6923730
2605428
6926734
6855581
2818060
1248895
5081096
5454815
1493489
6895684
2076446
6923747
5676005
6902078
1095374
6916983
3380233
1882911
6906144
205092
1653343
984299
3192520
6889754
2468175
6889830
6897305
6895880
6891464
6886229
6877346
1056158
1098887
6889234
6889234
6878489
6880384
1102681
6841968
6870720
5763549
2983175
6852936
2344560
217143
6614636
2946505
6865422
6827669
6843985
6848794
6865790
6864896
6868568
6802643
6867979
6862971
6589632
1666782
6855952
6858658
6848836
6475740
2427707
6745584
6849011
6642522
6853682
5496534
6707012
6852863
5901341
5237613
6670649
5725205
5883076
6473379
6751459
6801732
6836867
6841530
2344224
6842176
6698968
6838375
3366898
6835684
6733086
6544320
5405941
6808125
6833191
6829293
6827397
6823766
5666090
5391925
6616757
6822629
4408884
5685976
2378575
6783558
6804311
6819088
6821257
6822816
6823781
253444
6818100
6814831
6815041
6816190
6634810
6727530
6819776
2344590
6813274
4440574
2394162
6806440
5161569
6457402
6801484
1094310
6661587
1051497
6794675
6652139
2484672
1081476
6788860
5046915
6793801
4816329
6743128
6794040
1464808
6791718
3751226
6782251
6789963
6780061
6750661
2798459
6773136
6773853
6775279
6778181
5494577
6774024
5882671
2367429
6744018
1104391
6779361
2726378
1368946
6776539
6777037
6778364
4544916
2108629
5471459
3194099
4805613
6770930
2297868
2357366
1737412
1433102
2327254
2348108
6765218
1842844
2531890
6765487
6759008
6746443
6744842
221080
1725360
6755805
6761290
5619203
6760605
6761600
6756563
6753099
2338530
6749621
2258305
3399172
4774952
6742883
6736899
6746779
5624295
6748356
3082921
1750119
1940868
2205423
1090680
2466778
6742018
6639368
5414969
4424671
6737867
3650060
5290977
5793653
1159690
6730500
5415453
6723186
6734575
6721802
6729977
6730542
6715421
1052832
6694698
3765896
2425118
1108524
6622151
1622740
6632254
6728350
5726092
6478968
6718284
1693749
1651029
2004136
6722697
6684749
6711111
6710318
6710589
6707523
5603609
6697629
3309344
6680253
6662677
6696286
6706059
1098465
2353780
6702361
1682479
6402722
6675254
1101514
6686790
6686510
6425480
6693835
6682218
6675974
6616471
6665628
5644450
2632026
2466538
6660354
6665877
6669796
6668462
6683921
2152711
6682685
5742745
2278559
2226905
6642076
4854981
4403168
3733830
6655271
6639643
6638211
6659634
6657727
1953908
4568609
6670197
5840019
5422639
1763098
4541376
2499932
6660602
2298658
6662029
6465313
4517578
2343613
3765873
4548089
5304478
1502951
6650759
3397674
6467208
6653920
6643038
6640497
2067020
5525105
1816787
6607037
6639578
6627537
6638090
6571580
6631811
3663164
4827868
6631460
6628365
6620973
6623941
1786180
6557205
6523595
5724817
6619542
6617732
6575267
6619646
6617103
6610440
6586848
6613912
6616024
6601424
6610126
6420149
6479815
2963728
6590442
5463157
6601171
6597759
6584591
6598721
6595734
4438230
6587571
2279764
3121561
6525687
6592432
6559013
6586489
6581670
6572888
6571400
6557689
1990251
6555585
4578002
2668537
6573285
2505495
6576903
6532071
6501246
6521629
6559844
1718535
2567631
6559420
6546298
6558944
6554606
6539986
6553426
6553927
2461766
6544222
6412812
6546571
5859067
6510163
6543055
5705863
2409074
6466321
1875147
6527511
2113614
6521338
6517688
3243839
6518084
6408559
6514699
6517407
1165223
6473180
2441955
3192460
6453494
6504332
2404929
6511751
6512449
6509892
6504072
6480048
