6978017
5589650
6940442
6507169
6969444
2900480
6780690
6953635
966428
6922310
1050378
6942792
6599049
6919629
6770763
6904711
2213066
1168157
4785083
6890919
6895538
4627726
6659187
5833377
6678710
2860676
6857471
6858742
5279629
6838527
6845391
6828058
6812144
6833589
6828507
6799680
2253081
5790779
4945937
6783696
5271639
5867474
6749497
6762181
1041197
6740819
6736996
3322762
6677837
6730531
2053043
2235829
222891
6751408
6626199
5695250
6739357
3184478
2536399
6689987
6674673
222811
6688181
4958799
6621521
4702999
5090494
3215255
5857487
6666404
6661312
4420044
5617630
5878366
6660884
6650324
6642840
2049911
6615704
3710612
6611023
2323844
6573132
5699016
6582257
1486936
6538937
6547745
6534236
6526037
2894756
3196108
6411896
4597108
6473152
5730864
6466910
6469423
6459761
2042499
6433189
6439817
2449525
6422191
6412543
6030076
5871503
5886585
3413820
5812578
5870005
5867761
5849473
5856501
5843094
5811237
5738344
5846570
4712847
5847000
5842634
5838570
222800
5746640
5820449
5816908
5810474
5776404
3637890
5783583
5714176
5765949
5763659
5754232
222872
2287014
5731100
5716267
5714815
5714815
3635678
1079661
5593310
5566834
5664433
5650341
5657077
4733627
5606198
5610657
5645021
5560054
3583397
5479808
5281762
5607846
5293206
5524236
4703527
5563610
5552161
5548833
5201605
5338522
5518189
5499379
5488936
4709229
5139825
5466076
5479249
222897
5471218
5408557
5340480
5391529
2610738
2389722
5424204
205028
222928
5380173
5359867
2898907
2408167
2303374
5339247
5341857
5331342
2145439
4742703
5291598
4769392
5310182
5193314
2747004
3238191
4608451
5288587
5282658
5282263
5276489
2069036
2788484
5273128
5272345
5269511
5141526
3336441
5240649
3690780
5265434
5264775
5253176
5241584
5241190
5230968
5195098
3257763
5200173
5194658
2172198
5176826
5175319
5140862
5159500
2686631
3213944
5134550
2924044
5131050
5116608
5102013
5096184
5089313
5040281
5085128
5073731
5073231
2264485
5061234
5052072
5045695
3673914
5038443
4592680
5033868
5000308
4974372
2747910
4996288
3447506
4868977
4856067
2973091
4847965
4837792
1676547
4837616
4837381
4640138
4830052
222829
4808086
2257406
4815192
4786943
2735320
4786194
4778803
4772087
4758758
4752894
4724078
4727809
4724344
4667716
4712988
4703602
4666074
3717649
222920
3064207
4648283
4635467
4624234
4611842
4611843
4611044
949690
4598279
3652914
3660525
2536861
4566145
4408548
4525873
222918
4478985
4474288
3667198
2894750
4459772
4433462
4436702
4435337
3416496
2916605
4407191
3765079
2370102
2805552
3765467
3765078
3567547
3764175
3311554
3751625
2482178
2766347
1705335
3616514
3072406
3705255
3702975
3588323
3649839
3648584
3677499
2700032
1706794
222835
3656295
3632566
3635168
3621843
2766437
3622791
3611371
3610675
3587182
3590540
3603638
3600410
3586217
3587851
2829943
3165480
3201003
3158942
3407762
222906
3302281
3392299
2031062
3382172
3379098
3362163
3372825
3348622
2687623
2085304
3336218
3333717
3297650
3302242
3317394
3191023
2423938
3267732
3097860
3279377
3265951
3234105
3210891
3293182
3010974
3038758
3201320
3203594
3245986
3246055
3223592
222887
1949307
3192133
3201223
3010475
3167566
3147353
3117450
3131426
3116119
3090403
3077813
1553896
3063211
1068068
2990338
3058547
3052671
3014611
1468468
3018666
222831
2981977
3005907
3003830
2983230
2986883
2986743
2989856
2884575
2915570
222795
2967382
2948987
2949430
2942714
2926707
2692177
2919046
2822000
2824790
2895197
2838842
1603931
2882977
2827006
2839716
2833022
2812120
2791437
2782885
2774153
2770548
2749414
2588672
2692020
2706318
2707626
2678010
2637835
2617035
2520785
1967566
2022695
2177555
2584087
2591103
2521081
222924
2545979
2530606
2217972
2493921
2474078
2482925
2480900
2472694
2451843
2462186
2358977
222792
1371523
2438467
2437477
2437477
2173032
2134538
2431399
2425119
2427388
2197442
2365973
2381023
1098614
2395620
2138487
2355668
2366592
2315519
966558
2335067
2323047
2323047
2319306
2321536
2131522
2315211
2133039
2305746
2136505
2240095
2278515
2252944
2194248
2247026
2234751
2217835
2242607
2205675
222910
