6822871
6925149
1043215
1044065
1044926
6725302
6860465
1160698
6886783
6872409
6836166
6854727
6873168
1040696
4649458
6601570
6844135
6840743
6837331
6727447
5684950
5665926
6618317
6701750
6766039
6787832
1040896
5441115
1806961
6530093
5729063
6714868
5382748
6650412
6634827
1044748
1359226
5647102
5846206
6611019
6561370
6596106
6592450
6588851
6588851
6581046
6522809
6512938
6521618
5182484
5832188
3020645
5900457
5886227
5709320
5832378
4765631
5161406
2430475
5652692
5605098
5715387
2040682
5359570
4617799
3062195
5636554
5487058
1414630
5553862
5450925
5476002
2935417
1045004
1010175
1062070
5394810
5379309
5151456
5339913
5353726
4820193
5049554
5352335
5128173
5291063
5316684
5322634
1046789
5283639
3300750
1044323
5194530
1040859
5207650
2344534
3754461
5114528
5136179
5082833
4766081
5074862
1025616
5053169
2562230
4456632
4793520
1756252
4719137
4774361
2590339
1042532
1046328
4478591
3728464
3627065
1632724
4611936
2627613
4404233
3765385
1343269
3309873
3412157
3245134
1257490
1414848
1415634
1978569
3694861
3381343
3308717
2642289
3302903
1044264
3134273
3144339
2850972
3031223
2749626
2197282
2856714
2708855
2188469
2260053
1592830
1645401
1865082
1953874
1989882
2205619
2213273
2405901
2478500
2194283
1025946
1032348
1043723
1097273
1044237
1139147
1277854
1040723
1050314
1278177
1627485
1041033
1414347
1363152
1550820
1045892
1042850
1040917
1414616
1414536
1025814
1031191
1318817
1358718
1043850
1150200
1040297
1235292
1188348
1040811
1040956
1041086
1042982
1153999
1034708
1040786
1040777
1043245
1027323
1037085
1043268
1024577
1029905
1025215
1046882
1050470
1042635
1045172
1040722
1045830
1040758
1040954
1048666
1043767
1045289
1043131
1049555
1048733
1046193
1044049
1047985
1046230
1045809
1045786
1045509
1045052
1044612
1044508
1044566
1044173
1044064
1043848
1043819
1043623
1043570
1043572
1043529
1043247
1043339
1043227
1042824
1042799
1042786
1042711
1042633
1042619
1042417
1042525
1042322
1041058
1041018
1040895
1040965
1040918
1040835
1040589
1037178
1036400
1034314
1027146
1026990
1026337
1025107
