5545713
2345784
5686771
986255
1870454
2629729
986237
6961103
6953078
6961385
1691832
6958345
5463445
2902959
2950958
1213111
4716176
5350440
3042858
993317
2172111
1298214
1828106
1017465
1513490
6789252
5658153
6433633
6842832
988900
6877509
1410638
985971
6855200
6844227
1029266
6653260
1199154
3012111
5743822
5644008
5790843
1064885
986107
51922
5136258
995048
1631879
1162464
985701
1116256
6837760
6433570
5801805
6838738
1483563
1010740
6826139
5504490
51928
1224733
2830251
998073
4594523
3672138
5769482
986125
6826739
934063
6816915
1776328
985895
1246676
6814596
6808406
6805234
241866
6802238
6805451
6806380
6797720
1225442
1226488
991424
5658721
6711594
6785216
6788848
1022868
6666178
3402240
1281696
1026846
1322141
6697878
6756226
6723928
991692
1389678
6677128
6722035
6697088
6716728
5421432
3084488
6558274
948611
4780955
4639088
6563363
6633042
6573747
6626924
1227682
1227907
6620176
1467581
6630585
5791117
5402621
2438294
5576178
5776583
5863317
6402455
6613898
5588365
4808379
5136281
5263696
4609436
2387775
1004131
1244916
6583543
6474874
1830106
6571060
6533021
6506456
6448657
6537314
4771300
51848
3332016
4576073
6504081
6465081
5402052
5903897
3339315
3130475
4849311
5875240
5899172
5871805
5767032
6408404
6428026
3651188
1747119
5595689
5663516
5425348
2359475
5849953
5806357
1181292
5859358
5826584
5819027
1227428
5686955
1227983
1447211
5734967
2169020
4855142
5800966
4477689
4530394
5792805
5771903
5756643
5631326
3378502
5730132
5748890
5739800
5327811
3673798
5346556
3310917
5645682
5714412
5333969
1099841
5706463
5198199
5656506
1245101
5174995
5321500
5560154
5572581
5685189
4840499
5637037
5613090
5622868
5579590
5342319
2330530
5107594
5386889
3374251
5396257
2605966
1227220
1839489
5538984
1226820
5513796
5445488
5443815
5523644
5513935
2658056
51701
5510580
5474667
5496437
5495159
5225837
5362543
5424392
5477284
5448919
1016366
1228168
5414443
5354477
3739173
1978041
5343628
2382706
1225522
3107646
4791959
1065229
3410058
5365474
5292840
5359565
5176093
986839
4664545
4406077
695117
1640108
1879718
2202964
3566246
4838127
3636521
5161622
5233731
4754449
2254959
5164628
5209495
5216643
5217671
1270523
4733868
5148394
5290693
1067205
5258170
5141639
4820201
5047389
3128925
5172068
988790
2029851
3679158
2313316
4753755
3191685
51844
5240397
5068867
2073623
5094283
5205775
5150201
2112383
5182304
5186796
5115418
5176530
2778637
1877645
5149548
5136292
5148834
5132806
2199302
4856581
5073346
986047
5119745
4733206
4517691
4543714
5100726
2344228
5098746
5086014
2331542
4652273
5047680
4858894
3593067
4481702
5051819
1881889
5032595
4996686
943640
2903619
4996602
3216501
4851832
4850840
4850488
1984015
4834454
4581719
1102941
3253774
3751423
245140
4812819
4763433
989042
1379564
4756396
1271174
2939648
4704070
4634163
4735477
4729002
4729744
4706795
1821443
986144
1226658
4710578
4702568
4541863
4592006
4638100
4653098
4504240
4646623
994819
4595984
4607943
4530483
4597859
4597377
1007991
3623435
4592355
1050296
4569481
4417422
3701986
3222420
4517271
51768
4520613
2080000
2232966
4488392
4493219
4425464
2868118
4494036
3204256
4461788
4470072
3142188
4458100
4455692
1367776
4416894
1202000
2034797
3421386
3409772
240735
1872195
3650947
996562
3757382
3616844
2270580
3357078
3399319
1647671
1102943
987120
3602063
1843696
3684020
3695843
3673162
3613141
3597488
3334446
3590468
3630190
2474787
3640599
2351265
3382162
3423549
3616298
205448
3256174
3412223
3270974
2109273
3128396
3243530
1967525
3419725
3368332
2636103
3386111
3368387
2380030
1014181
52011
3339813
2510831
997838
949423
2638515
985863
2246009
1187606
1225103
1752370
2380826
1047284
2973434
3300872
1046832
3274939
3272582
1378860
2993929
1622086
3213025
2622276
3149864
2371575
3142056
3100980
52004
985925
3101803
3070076
2823320
1033406
3009915
2926465
2845398
2909590
2489226
2859840
2064373
2833521
1711517
2741876
2712966
2667242
2668584
2659107
955201
1148165
2650261
2635517
2477214
2483408
