943692
2667781
237367
6963857
6947540
2615390
1319910
2979337
6978176
6977633
6978779
6973495
2666583
2673021
6977872
6978134
6864653
6974246
2211585
6977898
1869202
6968092
236366
5497287
942495
6974978
6977276
6975902
1138168
1315144
6975419
6972480
5889177
6975400
6525014
6973808
6973930
6969905
6963648
4627635
1220468
3264251
6975429
6950877
3374606
1198850
222684
5618848
5400778
2154238
2406161
5610021
6565146
239478
1167670
1789093
6971783
6972404
6868706
2115650
6964429
6972667
1150563
1368922
1831787
6968381
6970200
6970649
6968300
246310
6969872
214024
6926195
6953852
6967350
6958074
6969613
1146294
6964840
6965084
1177393
6970316
6968129
5678137
2757676
6724797
6961734
6964523
3038219
6965969
6966857
1276236
6965414
6527444
6967979
2467716
1749954
2940168
5073222
6964567
1998195
1185813
2665194
6687540
1059298
2908480
2609889
1248302
5273988
1392950
6963750
6963136
6947892
3406538
6963959
6954839
6961863
1383481
1321448
6961029
1864848
213832
5894891
6959538
3676966
2242992
224855
3422701
219190
6880229
6951632
6951200
6951004
6961984
2044693
3000875
6961454
6862872
6960069
1909415
2969638
6956846
3407699
2112530
6959307
1149002
4403763
1862892
6956575
3048182
3565651
2018700
3729900
6892115
1163081
6888140
6954520
6954840
6957056
6956032
6951718
2802947
6950309
242748
1169904
1824375
1782704
6874633
2908030
6950510
6953543
6953977
234927
2547264
6953306
3045493
6954056
6951832
6951162
1150520
1090632
983077
1333408
6952247
6950807
6952308
6950582
6951108
5838068
6951342
2750374
2756222
6945472
6947646
6948715
6946765
1159027
2462778
6944892
5816102
1868723
6951395
5135052
6923320
242455
6947692
5439936
6948713
2228297
5365933
6571468
1828896
6950601
6939426
6941915
1858429
6942951
1858061
5212308
5685447
6943313
1825008
6948014
245695
6947612
4426474
6947294
6839904
4410191
6946966
6947271
6946805
6947018
6942215
1820894
6947741
243620
6947074
6935572
6944593
6942233
6940233
1793420
1902398
3058634
6940717
6718382
6944296
6942675
3608253
2595895
6944353
5794834
2431044
5718382
6883073
5874631
6941979
6942202
984457
5474825
3615208
6882043
3748291
2533650
2764165
2967340
2652793
3324705
2883461
6939900
6933083
6942355
6939326
2160419
6930286
2680055
6933154
1405942
213944
6940532
6938995
6935580
2243811
205173
6939257
6939389
5595588
2596232
6913589
6934096
233116
1982129
6934562
6933714
6930114
6848316
233023
6915494
6933635
6913559
6828369
5635108
5706083
6936142
214056
1177648
3614755
2918460
6913382
2298697
5732448
6933066
5324921
6930875
6925100
6930555
6933513
2742873
3074138
6931096
6930734
2326389
3696128
6932451
1747260
1372690
6927072
6930682
6499657
6930074
2400557
6929265
6927971
6929462
5702008
6927870
1501225
6733689
5147982
5064226
6927772
6925229
2199022
6927180
6925681
6927074
6862128
6926210
6926201
6925163
1321464
6923767
6918773
2922455
5284600
6923550
6921737
6925558
3703021
4706428
1144574
6839019
948414
6923457
5456239
2396339
6921846
1954495
2866163
1388681
6922885
2242095
6921930
6922538
6920799
6920529
6921573
2904460
1280137
6917906
6919549
1725699
6835165
6911885
6833691
6919479
3653068
6685344
6917992
6915041
6434204
6636140
3644965
5433132
5124798
6917637
5247840
6916457
2677228
6885406
942001
6896989
6904715
6909822
6915886
6895310
6907841
2661942
6915593
6908798
6914156
6876795
3031361
6909297
6887470
5750728
6913435
2493183
1989139
6830455
6869143
6821682
6903239
6901247
6907743
6904577
1588653
3151482
6908675
6900889
1339302
1815685
6907014
6906640
6904697
6906266
1252182
1181667
3030435
6896453
935756
6904907
6826261
1567825
5823064
5362403
6423213
6415863
6903468
6903903
237465
5163717
6903674
6685194
205171
1006649
6903031
6901833
6902829
6897920
4588725
2093134
6898965
214098
2246929
6901398
6901010
6897765
6899959
6900040
5862945
2462572
4517988
4542773
6898392
6899387
6899261
6898082
6543476
251231
6897550
6897370
743028
6897021
6897613
237943
5691842
6896503
6892074
6894944
6882764
6892770
6886649
6884138
5050850
2830963
247407
6888581
6892200
