6953286
6953789
1149012
2671888
1808028
1723086
1325922
6962259
1751087
3008067
1469630
1829008
6953473
6804192
6951808
1675514
4643594
6948175
6933871
6944162
1855757
6925908
1001750
6921609
2711825
3276447
1323758
6917933
6547452
6915509
1950246
2052574
1937087
6908570
6789861
6896471
3180794
6888799
6690556
1286260
6811129
1346204
5881647
254577
6866022
1331620
6874270
6869450
6871676
6574129
6862955
6832406
6526497
2811470
6856781
6849421
6806635
1273262
4768182
6778256
6825801
6827081
5177779
1086847
6680542
6806553
5737233
222510
6811086
1045516
6802888
6802217
6798481
6716550
3565037
4706846
6783747
6537798
6770993
4494867
4636155
6770036
6769394
1942112
1051610
1076991
970207
5701570
5901792
6755379
6734038
2603763
1283862
6744561
6746302
5836191
4660416
6737402
5204625
6733713
1947754
6731044
2332570
5638829
5418195
5884643
6492715
3424581
222503
4849881
6709673
6710955
6506726
4844284
6706152
5658032
3325261
6701023
1789133
6695097
1713144
6685486
6654592
2774821
6679506
6679499
6673916
6672720
6551667
6602413
6540263
4568175
6661817
4482657
6654220
3176360
2789974
5159278
6530940
6636232
6631521
222447
3036645
5445989
2439167
5551883
6591886
6611110
6614465
6572315
6522936
6604427
5465757
6571717
4460558
6572366
6560676
6523098
1075617
6553881
6531369
6551347
6529726
6423675
6514127
6516113
6513265
4639233
6505179
1626869
5859153
6458383
6491932
6470773
1628042
5396794
2871756
5884289
6474191
222595
6472404
5153890
6435514
6423163
4489360
2872904
6422643
2393797
5622502
5823074
5889744
4510698
2897312
5893856
2341903
5891473
5886223
5857122
5875763
5875410
5872720
5871856
5830831
5865476
5422267
5859665
1775215
5750360
5848543
5840353
5841793
5826765
5754429
5827366
5829720
2807632
5822807
5811065
5705234
4594408
5798302
5745224
5794922
2226445
5786931
5649334
5732995
5751453
5758921
5755628
5758682
5424707
2407299
5750544
5734296
5735800
5732890
3406001
5654693
5733820
5733813
5669260
4733805
5720107
4706162
5675016
5681966
5693677
222485
5686105
5684600
5680333
5681234
5680734
5651897
5676620
5663373
5668013
5668405
5660124
5589392
5645520
4849052
5637513
5625732
5631429
5588443
5626061
1921881
5621847
5614619
5612439
5611066
5611066
950217
5604631
5608985
5607153
1557218
5562422
5594730
5593009
5505902
5563329
222473
5582302
2681983
5589260
5586044
3705212
5581019
5575067
1660058
3764750
1865671
5461895
2609513
5507479
5507982
5186698
5532948
5540327
5560207
5561896
5560864
4431261
5544439
5543605
5526027
5532136
5522901
5524036
5523019
5508066
5520343
5515355
1087994
5494314
1528295
1571914
222506
5491068
5480174
5478361
5473652
2825174
5469997
5470082
5458050
2874640
5442111
5433615
5044377
3303020
5084434
3158751
5413554
1195082
5401195
3189424
1743252
2761533
5395384
5322327
5352435
1322091
5375207
5096788
5364221
5306131
1916001
4850778
2078645
5213284
5332169
5326152
4815813
1420679
5323595
5317957
1456571
1658871
5274599
3108053
5298353
5295046
2786588
5280040
5282272
222435
5282889
5203899
5164372
5233167
5244467
2848537
5258472
5254466
5250379
5245725
5240712
5220363
5215060
5184978
2738316
5199832
5197105
5197198
5160243
5186782
5093083
5175022
4405510
1048554
5165713
5141784
5151831
5153552
5115933
5107314
5146757
5144638
4735145
2597645
5129803
4769347
5083952
1367167
2258808
222525
5095765
5095832
5086976
5083753
5079940
5081111
222578
5076959
2682267
4996955
4797145
4843072
4859390
4855269
5063036
5060952
1794599
2195343
4852819
4774154
3222370
4773668
222508
4795162
965893
4792250
4782254
2337313
1406544
4737198
3117766
4745943
4655266
2761668
4739341
4724623
4457059
3404893
4660422
4633246
2177884
4636820
4633017
4630888
2506922
4621476
4618044
4613033
4517007
4533887
4603724
4596500
4593611
4509265
4557023
4529238
4523455
4514956
4523395
222512
4488642
4456541
4482825
3047693
2941215
2821922
2473342
2591055
3701336
4431341
4447125
4476981
2424724
4473900
4467001
1567970
4440701
4409733
3750822
2875769
2264764
3370953
3277062
3270217
2443859
2987702
3718068
3763637
1527458
1509729
3672092
