5132541
6845194
6972077
6931469
6977649
6971215
6973439
2202920
6977966
6977966
2631706
6976953
6969652
936076
247001
2287137
1854951
6969508
249340
6970824
6945214
254147
2618613
6969028
6968638
6969550
5316796
2210086
207292
6968026
6970936
6964441
6863234
4834005
944267
1069539
6959304
6865941
6962204
1013074
6960164
1565002
6961096
6957487
2172543
6948576
4799460
5268841
247075
3344247
1433245
1140725
5749836
6900382
6961191
1677766
6738443
6522166
6960550
6961118
1229553
6960657
2955759
6499230
3044045
6950688
6957815
6958550
6564181
6954110
6954254
6948295
6956453
1151793
6951134
5816651
6680240
5091710
2977285
3054815
1795367
2194206
1165016
5853478
2131891
1490818
6950751
6945363
6952960
6932692
5376956
6945548
3369250
6950570
5120039
5137107
4603220
1871696
4603885
6945051
1427517
247383
2602341
1884583
2887896
1193068
2638734
1146668
3392907
2160399
3063309
948146
948763
3054491
2798540
984624
1044234
6941477
937375
2809211
6891831
6944182
6927380
940765
6940031
2881381
6944272
4555871
6533513
3400747
6883894
6943524
2905294
2886197
2413694
6914790
6923627
6924506
6927012
4779230
6928354
2153207
1159266
6939697
6934998
3151065
1854245
249272
6928664
5331788
4752639
6935230
6934478
6932974
5839066
6932917
6927715
5067016
5720790
3715039
6922955
6921389
6924001
3382693
1002887
5635607
1774469
5727950
5776381
6926718
1647898
1828609
1653443
1117584
2161519
6922020
1043981
961210
5139976
6923122
6924592
6925217
6925015
4790916
5139415
2749403
1384573
6922942
1807989
5140751
6630391
4766757
3645751
6909613
6858167
6822326
2743323
6918090
6659527
5323919
2584474
2729334
6904807
6913844
6910367
6914102
6905948
5130381
6911496
6873414
1156464
3622197
6792197
2182736
2107010
4635645
5105357
1290278
2003171
6899555
6818756
6906230
938016
938432
6905004
6905370
252880
2429437
6901749
6902506
6903024
6899733
2511118
1474090
3188610
4546330
6900073
6719244
5096857
5792784
4739691
6472089
5068041
5809739
6897743
6898378
1148560
1777759
6898451
6898016
1135136
6805600
6898000
3172452
1080306
6896357
6895284
6890833
962985
1198798
1545052
1467166
6892059
2023908
1989940
6888285
6889803
6890089
1373286
2140151
2088930
1458406
6889954
6886169
2653280
1925032
6879566
6886883
4474559
6886174
6881556
6881384
6884550
6854667
6881317
5179362
6877428
6878592
1437003
2237030
3273749
6786808
6863025
6863764
6872689
6866953
6822660
6877802
5438921
3081770
6872108
6490107
6431569
6849456
2156156
6869605
2403980
6848620
6872060
6870430
6871276
6869350
6863363
6821014
6731245
5338168
4490832
6861123
2692306
4516167
1720334
6808093
1874952
6862618
5571673
6866020
6832469
2151873
2151153
6864728
6859089
1843946
6849467
6862473
6856030
6836858
6857010
6837684
6813516
1375811
6461602
6844383
4667251
5503641
2069122
5308544
6853882
6857996
6794763
6854773
2892497
3100266
4660474
6626971
988350
6754006
4505974
3662154
6852233
1911629
6840494
6846179
6825329
6849586
3358712
4653563
2127903
6847267
4666010
1924372
5072255
4643655
6845544
1847916
6840572
6837085
6836077
3705250
5173355
2012116
6837414
6838274
3391738
4854010
5575886
6597861
6774753
1670735
969653
2627646
6835536
6835538
6836389
6827750
6833772
3033852
3340040
6834237
1954328
6827563
1489636
6821442
6827519
6830441
6828913
6821122
6604330
6810921
1107155
1342836
6824500
6738109
5700934
6411233
1338167
6811328
2584837
6821221
6806679
6821630
6774732
6814989
6818999
6808254
6818997
6813628
2787250
6808807
6817924
3250407
6814524
6812141
6814288
2068989
2105582
3209227
2943694
6796853
1786136
6773140
6774258
6813588
6734469
5784976
6743907
6812410
6813503
6808026
1350769
6429442
1192140
6809548
6812337
6805201
6805025
5405391
6805102
6808228
5086877
6802251
5105214
2107987
6602254
1332074
1106646
6797853
6803715
6768369
6804459
4812804
5287094
1789042
6797678
6801739
1515602
2052925
6795216
2085502
6797663
5828853
6723744
5109176
6797042
6786052
5159096
3314045
1409184
6793454
2042124
1340435
6794481
6785162
6784584
3004569
6790986
1256208
1059681
2556467
6787517
1561501
3008798
