6845194
6979067
6960582
6979398
6979447
6761798
1281578
6826635
2719075
1152635
1845827
6979354
6979354
6456990
2918241
6978596
6978859
2206289
1083953
6971877
2207668
6979055
6979055
5419137
6977068
6972077
6931469
2910113
6941618
6977649
1246369
246747
1054791
6971215
6918860
6977361
6973439
6976198
1866055
957593
6965032
5132541
1247997
6971982
2631229
6972962
3054456
2202920
5037870
3760662
3073549
6977966
6977966
2631706
6976953
2224110
6975524
6969652
6973560
6975906
238221
936076
2170843
1856172
6975262
247001
2287137
6969691
247610
1887890
6952936
5849611
2225033
5857828
998468
1854951
5766058
6975240
229820
6969508
249340
6970824
1058510
6947527
2128390
6945214
1077091
1756096
235331
6868972
4396149
254147
4623609
1419311
247441
6973289
6965045
3577375
2618613
6969028
6968638
1471749
1076556
6969550
1660141
5316796
6960921
1737961
6971435
6970651
1003938
1569552
2210086
1209149
4477811
207292
2355053
5141522
5574744
4744892
5414790
2259734
6965209
1173814
6968026
3528396
2839384
5458532
6964767
6970936
6964441
3639675
1097250
6863234
212010
6969184
2335790
4834005
944267
6964464
1069539
1199811
6959554
5868280
2318731
6969725
2595104
1905498
6959304
5340005
1228591
2155604
1171979
3050240
971459
2113556
1454367
6842878
6865941
1223810
2117949
2900670
2940371
6962705
6962204
3043019
6959920
6861690
6960130
1013074
6959926
1136940
6960682
6960164
206312
4522192
1565002
6961096
6962444
6931248
6957487
6770119
229194
6899347
235300
2889484
2172543
205838
6948146
6948576
6950794
6953645
6957261
6957873
6958351
4799460
6898371
246312
5268841
247075
6559789
1745415
1629603
6804277
3344247
6874412
1433245
1140725
5749836
6900382
1220941
3621757
5327309
5052391
3622492
6961191
6946825
6962993
6853278
3372752
4761775
6958047
1677766
6956687
957020
2163222
2926517
5272776
2066654
3746164
4655442
3632541
6959988
5615605
6932434
6738443
949504
6850396
6962566
6960419
6960000
6641819
6550633
211885
6662200
6626369
6522166
6960550
6953012
6948185
6961118
1229553
2937772
2899730
6960657
3021808
2955759
3742027
2517190
5859368
5493120
2985040
3685365
1954372
6959168
6960082
6499230
1475736
6886829
1372627
6950805
3044045
2991843
1067429
1478256
6953965
1182720
2965587
6955272
6950688
3246583
6948117
6952087
6956672
5132743
5151917
1335310
2980058
3155857
1390151
6957815
6934564
6958550
2983553
6954311
4637060
1009483
6564181
2226464
3449316
2564477
6952475
6894621
2344080
3439920
6954110
1460976
5099961
2441317
1168921
6954254
5109906
6956379
6947849
6939095
6948295
6956453
1151793
2534500
2465569
6951134
2111278
4849105
5816651
6680240
6953832
2901904
6866840
5091710
1215634
2977285
5424461
3054815
5140446
208400
6954694
3306876
1795367
5112727
1758475
6942096
940264
2617372
4819125
2194206
6927748
4616585
6953711
1165016
5186007
1281494
6942483
1067724
4790020
6935682
5853478
2131891
1490818
1167614
6944194
3366859
6945348
6944613
1150269
6950751
6952722
6945363
6934571
6943018
6952960
6946696
6951531
6776093
6932692
6932574
5376956
6945548
1157297
5684730
6951744
2345179
5626041
3197529
1814644
2220168
3369250
5817432
2354373
5730177
6950570
1867018
3745252
5120039
6509657
6951280
6950201
2118856
1272448
5137107
1872376
2674561
6919081
4603220
1813253
3428413
4638829
1871696
1946200
4603885
6941166
2718145
1825703
2163825
1172865
6944361
2375831
4611190
6945051
4715330
2851648
1850428
1427517
247383
2602341
2887896
990780
3766371
2670652
1193068
1864497
2217929
2638734
1146668
5703513
6948120
1875383
2294910
6942820
2967720
3426794
949364
6942615
3392907
2160399
3063309
972897
1951343
5130960
6942803
6938982
948146
2679286
948763
2631664
3054491
3761082
1855307
6945154
4855604
2850991
5469366
242739
2798540
3206375
231769
6942660
984624
2847212
2845699
1826430
1861672
5128604
1872553
2280223
1215811
1044234
6941477
1058821
2807600
1955901
1867718
937375
2809211
6891831
6944182
6927380
940765
1322551
4508797
6894274
6937357
6940031
6915833
6922716
6911148
2881381
6944272
4555871
6918917
6533513
5151933
3400747
6883894
