244919
6975149
6979155
6976162
6977751
2770306
3188794
6977434
6978248
236922
6970529
246658
2425912
2663857
6975038
230186
1833389
6975029
2472467
2236682
6974799
6967000
6973719
2035776
6973812
3370746
6966290
6953168
6969942
6972428
6972393
1141670
5649826
6968074
6967460
6971511
6954307
6969389
6967414
5823769
5213523
3340877
6640197
6951635
6965327
6953309
3729471
6633578
2191161
953306
6960648
6966419
6964941
5727844
5465196
6961157
3314648
6962416
6858020
6867591
6962155
6656786
6962879
3085836
6804658
3019294
6958348
6663141
6506113
2221582
5666217
3011422
6960145
2519084
2158460
6952818
6959322
6952942
5282861
6934170
6842082
3287298
1565232
1098422
2017829
1557900
6868597
6949521
6952767
976620
1515119
5131811
6948759
1823453
4715689
5670828
4808199
1870635
6935593
6908138
6946326
6939071
6843594
1920890
2074493
6944187
2907199
1976549
2250220
246268
6940714
5772752
6691964
2938439
6933402
6724157
6910094
6939840
5593477
6940338
1476513
6931391
6941192
3131709
6932701
6934630
6913062
4708017
6903505
1948723
6933910
6932981
6932504
6907674
6931628
6910793
2111584
4479765
5293013
2477505
6919384
6919091
211141
6925857
245486
5394759
1043484
998099
1218590
2005167
3173826
3185550
6933435
6883630
6930772
1965475
6930640
6607410
6926275
6928079
210370
6811176
6917116
2885031
6919386
5657823
1061286
6915990
6922875
5495704
2387241
6889116
6476045
6913403
6923453
6629616
6915684
6880768
4850792
6920236
6907583
5825804
5509020
6919317
6667775
6687588
6686150
6720249
6739141
6739085
6776047
6775613
6787168
6814757
6830684
6861625
6861078
6872489
6886993
6854716
6854129
6851663
956161
6897476
1499098
2949027
1091285
1528828
6915454
6910253
6914041
6901563
6909227
6898474
6912257
3664674
1290930
6906940
3411938
3442900
5319606
939079
6909044
2693120
6909421
6906191
6892102
6909115
3202568
6907308
6694957
6908133
5731411
1935289
2219019
6860611
6887483
6900407
6894577
6903786
6721211
4413361
4855575
248911
1844397
5623957
932917
1276480
936334
5800776
6897802
6891540
6898845
6897226
1424345
1096275
6871883
6755609
6889471
6893642
987297
6891731
4663675
6858821
6879185
1507859
6890819
6891282
6672256
6889386
6860419
5879377
6884505
5463040
6881689
6878408
6878216
5792248
6872749
6878304
6881535
2950744
6880163
6879603
6871958
1151977
6872908
6875228
6780685
6786156
6864655
6870721
6860699
6860850
6872798
6875507
3362685
1675964
3086948
6767758
6698702
6866955
6466280
6521961
6839416
6790765
3764625
2127586
6866130
2682165
6871705
6870489
6636356
2459790
1167000
2768409
6868809
6866866
1247732
1190370
4833540
6651100
6864180
1084104
1428934
6855302
1928854
3210027
6855923
6856176
6858844
5442808
6808245
6671210
6434923
6690542
6710984
2574545
247103
6854864
6854191
6844652
6853186
2563937
5181819
2388865
4492365
3594611
5375581
5300433
6481003
6741152
6761838
6842994
6844760
6845156
6847599
6821572
6842430
6823744
6834620
6839729
6827362
6844213
3094471
6839191
6824114
209108
1042796
4644608
5715790
2572442
6838834
4745778
6820007
6838675
6824026
6828256
6839841
5337412
5308178
6839686
226956
6647177
6667440
6832685
6456172
4736324
6676510
6836891
6700857
6838050
233612
6807307
6833817
6824965
6424772
6829026
1377171
3707727
974581
4862045
2703412
3301797
6823823
2926625
6827057
6825365
3742107
6825573
6824825
6798898
2934579
3334158
6807951
5393702
1269247
6822718
6822571
6823307
5720131
6822721
6817571
6821557
6816564
6821124
6821771
6819387
5522053
6517335
6530027
6817138
6607323
6817854
6817482
2835397
2523235
3021278
6800627
5118363
6807353
6804902
6813883
6814586
4841342
6812928
987566
6809529
6810293
6811451
6812368
6810066
6807104
2432446
2205898
2011476
209103
209214
4488580
6799822
6785347
6806826
6797778
2031921
6802598
3201066
6805373
6804200
6805334
6803609
6803203
6801911
6801114
6786357
6798104
6799044
6766768
6797830
6656713
6700567
6414517
6796418
5694847
6795442
6479938
2733288
6795707
6795391
6584438
5537727
6670849
6793709
6772885
5504945
6791895
6791654
6787333
6785570
2056454
2634209
