988497
1872214
3720085
1004523
5232063
5189365
6904699
991362
3113794
6927543
993814
983079
990192
5046466
988762
6908372
1156250
1133523
1660545
1687260
6694893
5507326
1300731
5508582
1030363
210101
6867448
4640719
3289506
6597107
6877156
990094
993541
5200564
2047236
2441178
1866289
6598257
5903806
5135837
6661083
6604881
980980
6633656
4474599
2276428
1450912
1013268
2794365
2116598
1215245
4734441
6623177
5755759
3640159
2273802
5115084
6490049
3351868
983019
6490331
1952127
3727917
6595018
980946
5873605
2484706
6521518
1025622
983311
6584224
5877041
985331
5461059
6485626
2011182
2611394
5819789
1685118
6514759
3324162
6488246
990180
5559484
4457467
6415642
4603008
5768237
5886639
987580
1193589
5529588
1025624
5195813
4558734
4610280
4652163
4759218
4770968
5134365
5273382
2446301
1361908
4599778
5546493
5791831
5657245
5724374
981635
5684123
5651563
5668284
5347032
5604670
5718334
3019150
1796340
5223920
5617988
5545941
1769017
5531307
4625023
990783
5474538
2461152
5570415
5545616
2841779
2542922
2527461
2541614
5431862
2006151
5384268
985498
210010
210065
210068
210084
5280507
980919
3431953
5384446
5416366
5400770
5162957
5324753
5361408
5378034
1867348
962963
5369887
989718
1980201
2140499
1343918
2126383
5293428
2764948
1523084
3297755
5239338
2272266
2454895
985548
5197623
5180791
5120331
5220854
966551
2580018
5213296
5204362
5212489
5199875
5172822
2993808
210019
1440905
5099306
1765924
2712820
982636
3649591
1964460
1952096
4552240
5047450
5040535
4784855
4451447
5038007
1616935
4572027
3724847
4769231
4813922
2468890
4712035
2933657
986634
4461250
4738745
3194787
2717304
3443689
982858
4492977
4660142
4545513
210092
3727899
1392240
2203027
2512711
988356
210113
4485494
3187400
4561556
210128
3196959
3434748
4539391
3702260
3708086
4509279
4501270
4410637
2717935
1043569
4406864
3753822
1656195
2701816
3009268
3737181
3665613
210132
1301387
2704637
3104007
990453
3649079
3691161
3667809
2397218
3653524
3138219
3614502
3637835
3405520
3302139
3648368
2912597
3416123
3621747
1914562
3596031
980774
2880221
1586453
3347499
3433972
2753092
2528335
3313801
3278523
2906009
3235780
1750673
3250064
3311506
2439307
3296744
2802641
994781
3252017
210122
3034420
3238288
3242552
987669
3215382
1310064
3164467
3192163
3192140
3082807
3080118
3122556
1367227
1417264
3097968
1354718
3080271
2906445
3038338
2991271
2933796
2999765
2977273
2797933
2773410
1694947
2755929
2428092
1861452
2259711
2819246
2687529
2733021
2693151
2694518
980841
2473083
2017448
2381003
2501544
2413455
210055
2340949
2537293
2475144
2499153
2318446
209054
2416257
990060
1661305
2377921
1597853
2362353
2388302
2370320
1854918
981005
2236549
2281032
1095904
2245474
2253470
2228622
210086
210120
981962
2271249
1869497
2256901
2210813
2237954
2194110
2201007
981600
994036
1808126
2052625
2107584
2107827
2110389
2110730
2150677
2169107
1583622
1925997
1767548
2079509
1800949
2099216
1964419
2082401
2010304
2024911
1981506
1973086
2021942
1820717
1037359
1476859
1741374
1851841
1586779
1875332
1190650
1856689
1906014
1908058
1841459
1901171
1915085
210060
1909314
1874664
983646
1240065
1841472
1831220
1506055
1825168
1319698
1701847
1744500
1770369
1752693
1744269
1742299
1711011
1030171
210081
1645496
1530984
1619534
1181610
210118
240744
209088
210074
952048
1099518
982561
1533266
1472828
1533477
1487810
1478653
1477073
1423163
1464316
1452967
1375571
980897
1357311
1342489
1211450
1270359
1361390
982013
1342795
1302210
1274308
1291250
1283822
951925
1225863
1220112
1061878
1201639
1088048
1089666
982090
1055943
1055169
1033243
981998
990510
993061
980963
993364
980928
989931
980971
980952
982514
982135
983230
989132
986604
985735
986289
983770
980909
980781
258382
210123
210052
210126
210071
210048
210095
210100
210099
210115
210110
210107
210104
210097
210078
210057
