2144222
6971010
5144635
6975488
6977027
5568021
6947801
2992692
6967952
6923848
6919040
2982679
6937214
2932481
2062524
5124483
1826362
5142906
2413813
2163079
5120800
6934585
6900732
6856273
3057109
1154646
4407151
2608796
2233482
3044907
5581057
969361
6877016
2477507
6927428
2154592
6934421
1953730
4817262
6880962
6915305
2828854
6895869
2113378
6907389
6611937
4582231
1958137
4597032
6903366
6910475
6915849
6900860
225602
1887826
2517562
5684825
6794454
6842494
208509
212558
1647540
6555847
6892997
6888836
5159275
5797999
6899707
6897227
6866748
6526611
6749850
6871811
1039447
6864941
4583206
1901749
4701687
6861829
6856575
6859094
5132405
6590300
6843327
6858397
6861822
2122830
1883558
2116775
6837314
6837228
6758876
6836370
6768814
6839302
6815095
6836850
6593327
6681556
2039138
4638183
1792533
1943407
5313421
6816094
6819690
6777162
237956
2648837
1845864
4741337
6677088
6781906
5898741
1354424
5055041
6762595
6709551
2461172
6500168
6762048
2423763
6587561
6740697
6748368
5082601
6751153
1964109
6768439
2060369
4713102
6748430
6743475
6730230
2440930
6712703
6715008
6735344
6736030
1824897
5147972
6726032
4721038
6707591
6689764
1932227
6652332
4604739
4656869
6629478
6677770
5114432
6614390
6536116
4728563
2026698
6574849
5778735
5159675
5213800
5205501
6634422
1865483
6629785
6625971
5665315
6632018
6451233
6519590
5164732
1928888
6548395
5483054
6566502
6452633
2841381
6613788
5780006
6595768
4615641
6559136
6551700
2867498
6498236
6555699
1653759
205329
5218706
5490293
1113324
3711725
2118596
5084689
6544696
2003935
1944291
4999007
4502748
2223106
6537869
6486632
6510765
6491528
5276801
5302422
5805496
6462578
6470829
4441934
1888758
6455813
6465478
5281713
4598777
211708
211739
1905828
5828089
6445540
6422810
1133760
5233315
3659544
4827212
2076735
1836886
211755
4613481
211684
6428811
6439626
2020596
4831162
1728661
4628596
1897940
211706
3122511
6429500
6409369
5841958
5880977
5895421
5867419
6422702
2129892
5115642
4873812
5809847
4852579
5421509
5195801
6422444
1914489
4647727
1943548
2037175
1746624
1911224
1760501
1860160
6406106
6406107
5875851
6407381
6401488
4996614
1940714
6401106
5459960
1893093
3630253
3063816
3285770
6406105
1241965
5857388
5859232
5032977
5653353
2142817
4506651
1701569
5803777
4593916
2971871
2943449
211601
4490579
2466765
4463614
5850901
2073451
212473
4575246
211625
1271310
5833230
5825644
5835779
5841920
5835120
4642960
5360881
5843139
5815176
5649442
222685
4710119
4502213
4655635
1854890
3197830
4791724
4659813
5542372
4610045
4755543
1972824
4835571
1837007
1505709
5797590
5761244
4709393
5782387
1861180
5759698
5749471
5773914
4598911
4751639
3668686
5773094
976220
5763485
2882980
4845416
1584607
5759329
5736349
3227121
5741680
5689222
4601191
4595654
5123660
5723209
5671817
3384336
3126060
5605466
5739035
206859
1842905
5105626
5720896
1710195
5713805
5689444
5691207
5702826
1976415
5222903
5584945
5319823
2957259
1772703
5163966
5697826
1794837
1980119
2366762
5376071
1911117
5672052
5490641
5398989
5317192
5305154
5642932
5620121
5665334
5644036
5652858
5650298
4522703
2138938
5296351
5127943
1365243
3399558
2124702
5643972
5637891
5318962
4663405
5635449
4526889
5634853
4458458
5627730
5564232
5571497
5581212
212532
5500089
5509340
1867687
4706329
3593464
2023951
5327892
4626380
1849708
5169782
5174575
4507184
3661973
1327112
5436266
5561710
3722085
5561730
5270922
5553837
1455471
5515041
5454817
5472366
5542493
5031233
5088535
5385953
5274685
1644935
5523281
2469772
1531233
5513912
5446178
5458000
5290950
1891656
5485009
5502257
5477571
5038001
5345099
5455838
5387202
1809038
2101348
952427
3213385
5422833
5106471
5267373
1902402
4752162
5432504
5215975
5429143
5448555
5444574
5394420
5457259
5429256
5450229
4854881
1620895
5377647
5446088
5417802
5359010
1167801
4562885
1807836
4584680
4545168
4544055
4714676
5392370
2473897
4868508
5165422
5400894
5032778
5272672
1451976
5406705
5410023
5401752
4868877
4623710
5399948
5245345
4823193
3141451
5151524
