2741772
5475650
6964815
6970300
3052729
6978887
2155424
6971896
5715574
6448522
951214
5559383
6959976
6947235
6963698
6826214
6466862
3679591
6964320
6963830
1601773
2658743
6647688
6955414
216689
2778148
1365965
1356116
5732439
6957837
6944301
2936355
6914695
6917842
6925633
6925824
6926788
2948725
5680850
6954079
6954843
6931807
6932154
6932217
6939031
6941696
6944205
6950782
6951213
2631808
6951561
6418635
5747409
6950129
944269
983030
3002273
6797421
3155477
6869059
6870188
1161099
1345060
6914210
6944762
3760260
2403548
6909045
4419780
5714048
6876133
5765458
1415552
5321850
4409196
6919638
6914537
6912115
1395386
6835146
2100477
1408667
6919155
2866908
5751295
6902033
956732
1562621
2010606
5217864
5561472
5623958
2139280
4448298
6920592
2220983
6906395
5818280
4845597
5771408
5651842
6901785
6904784
5783392
1136340
1207798
4402485
6819278
1446714
6901461
2153729
6899976
6878877
1330755
5177993
4836411
2380975
6873349
962229
2777328
3623163
6881972
6829319
5762645
6879949
6872643
1751667
6876333
6872616
6856750
6868248
6869779
4633515
1472181
6772526
6853728
6848844
6853442
6867557
6852290
1383639
6861860
6858713
6857941
6826725
6861491
6839459
6825921
3228220
2493915
2123905
2303656
6839595
6844217
5255228
5711952
1183832
6845031
1113342
1217793
4842537
6817165
6821854
6816126
6840006
2400128
6839187
2103120
2292068
5518582
1225768
1756984
2917199
1761602
5610050
2897551
2019069
6822124
6800046
6611266
5197758
218030
6822225
5344946
6805763
6804662
6810273
6769895
6793409
5059963
6777550
3303429
6814827
1827987
6802552
6793666
1338766
6816037
6808813
6806274
6806567
973695
1980609
216726
2172533
3709104
1026402
1146600
1872026
1851164
2627578
216873
1032832
6793044
1136111
6794680
6797766
2652611
5223037
6796924
996209
6793987
1050703
6791545
217932
217979
5416506
2822382
2434572
6777537
6773236
6757562
6743316
6779792
1172501
981777
1746681
5284439
3446541
6771743
3102737
6773968
6769149
6753889
1284033
6766392
6713172
6768009
1495497
1700828
2853936
1505025
1252557
6725676
6759656
6765146
3192945
5604972
1162763
1721127
6752312
6760775
4606470
2911423
6729720
6735548
216832
6751437
6746253
6736252
6747162
2035744
6739696
6744065
3302579
6754211
2551852
1071008
1509734
217946
6704948
5483624
6507065
6660424
5155418
6675920
6724645
985473
2433239
2379422
5738717
1658149
6576829
6721266
6650290
2028918
3264341
1276286
6723489
6727467
5127237
3226874
6718569
6710970
6634307
6647418
5817736
1085317
6711526
6719185
1511781
2360925
1276351
3754592
6707261
1373532
6711220
6715697
1715325
6698908
5462189
6714460
4655191
6701492
4434691
6602040
6571838
2342248
6697993
6699132
6699940
6699940
217927
6661749
6652913
6683897
5647174
1790661
6669806
6672516
3421023
1113583
6659346
6617373
6602045
6503766
5702618
3375713
257127
1481913
2934414
5735147
3162465
2252083
3160934
2692826
1185138
3292094
6495220
6632063
5517689
237732
6630870
2568471
2223845
3701235
6601184
6563694
6659196
2634022
1902069
4435335
6665725
1634940
3361937
2500265
2258759
1444925
1162057
217898
4601667
6562261
1037276
1029897
1199802
6614583
6659979
6638465
6610318
5743432
3323583
2850062
2529699
6639564
6616351
3687434
5663743
1153338
6648539
6648218
6638224
5339613
2065732
5387360
6557310
6592099
6638636
6625397
6627365
6633386
5217838
1291191
2871229
994021
2257281
5649155
2241176
6524841
1276787
6619245
6621050
1362376
6602044
2389482
6604576
1520709
6608353
5370850
2167723
4541479
4440557
6611170
6600432
5088273
2443669
6609485
6604301
1338839
2366688
2201420
1078783
6563268
1834388
1884766
1528672
2846435
1350045
3028343
947225
3752533
1495878
4567276
2955386
3657861
1746729
2368144
2364911
4437775
6554453
6505593
4431131
1884806
2834519
1197782
1277370
2712042
2194562
6404972
5651284
5855797
2164487
1535826
6427006
2292907
6468726
6483496
4406691
6549079
2571782
6535578
6415110
6526083
937384
6581584
6592488
6531822
1113327
6591863
6588639
6584517
6559466
6575107
6567184
6567665
6526955
6576859
6484691
5051920
6433837
6562455
6559824
