3066638
2674142
6854508
6769053
5143714
4852887
3079597
1688394
989398
2441712
4473694
6973506
6974366
971845
6972326
249657
6969488
251349
6968284
2816270
2375753
6967027
6963216
6963843
6967147
6959136
5455531
6965551
6971307
3652988
1670250
4450852
6817868
6956217
6968001
5211644
6964846
1412105
6964636
6731454
5086035
4744965
6962825
6962583
6964778
1378783
6873695
6959066
1061123
6963707
1798271
6960459
6958078
6959172
6961151
1550697
6960283
6945187
6542146
1299414
3043354
3606916
6958070
2899024
2961481
2929814
2659844
6944429
2894211
6950143
6957591
2895658
2899055
6899865
6885169
6947110
2832605
6955445
6834632
2983249
6956340
6950001
6953751
6956064
6862223
5817492
2898283
6934852
5347602
1044455
250202
4640742
4731839
6851258
4514077
5155335
6897794
1868617
1245068
3726454
3448218
5130602
2214448
1822133
3568928
2607767
4412556
967603
4421581
4416889
1247064
6942833
4730427
1834730
2686591
3272360
5132261
2373210
2625289
3423345
969293
1408862
1807101
2625020
2158370
2670665
3381601
2154047
4409948
1837520
2614809
937804
6940486
3222509
2880995
1054901
6933834
6931704
6931173
4407234
239119
3277892
6892567
6933065
2739775
5039580
1439526
1922879
3246513
1860730
5068233
4455312
5204264
6939687
6911075
6897798
6935925
1503745
2748594
2643290
6808824
2608986
3044869
4477177
6919866
2885268
6582483
2611045
6920725
5714403
1558334
2844132
2870569
6914147
6924620
2980895
2746546
6924626
6895892
6893484
6829439
6897862
6469349
6870575
6520031
6911474
6911117
1775605
4502205
5481684
6822606
6915327
6914775
6838810
1460514
1191179
1563127
6912388
4551239
2638798
4520546
6907934
6896797
6906622
6906235
4610180
3239157
6722100
4778058
2296508
6891978
6894561
6894878
6898645
6896363
6889581
4732200
6898275
3060845
6889847
6646585
6887614
5088244
2870687
6890905
6890844
6881078
6882735
3447047
2089477
1514373
5045579
6882974
6883143
2965732
2765587
4451140
5767836
6415195
6890273
6862856
6890278
6873406
6869289
6878321
6861306
6862136
6868442
6878097
3258994
2728440
3616649
3579224
6878400
5599687
6855816
5571791
3416987
6876583
2519504
6679705
6853559
6772945
6673880
6817035
6690892
6873912
6865725
6857273
6870772
6862455
6868675
6869701
6858904
3750366
3385575
1678303
2365257
6850091
4650901
6857766
6843654
3720862
6860268
4838009
6858922
6849549
6488024
6507353
6821039
6829848
6836713
6837160
6839153
6841152
6845178
6846001
6846006
6846913
6852119
3561435
6851815
6850602
6837747
2908932
6833196
3724954
2026731
3623545
6783355
6829994
6829470
6832119
6829899
1876338
6754912
6802053
1247239
6805024
6827459
2945329
6832523
1247211
5265323
6786499
6750140
6807959
5667910
3278293
3652818
6484769
3412122
2872483
6774795
5563136
1044035
6807398
6795713
6816470
6808030
6810237
6802211
4812455
2326312
1686887
5858023
2525791
6725407
1372834
6807063
1232434
5429283
6805280
2901707
6803172
5164540
5644866
3306536
5850352
1886187
6784405
4792653
6802059
6718957
6800131
6796735
6763445
6798750
6794055
4803379
6793320
4553699
2375834
1246459
2731887
6786697
6755859
6781282
6777932
2244997
3276266
3446299
6666317
5332590
249628
6777015
6482602
6729137
6746310
6762129
6771524
3344203
6770031
6760845
6729699
1112324
5604099
3205069
6758320
6747371
5801575
6739427
6740500
6730279
6720466
6743592
2510751
6747920
2537612
6746792
3623134
3411775
6611379
4650063
6742148
6720465
6724162
5898245
6720464
6664892
1335193
1731755
3234314
4740106
1869117
6716717
6703118
6708096
6709319
2176609
6527964
2512544
1339563
5319680
6711879
6696190
2727958
6621834
1334639
4781964
6630536
6674927
5857338
6697134
6685973
6646569
6654703
1046409
6693633
1215897
3450546
4476080
6689997
6690203
3035372
1762902
6688355
6617754
3404769
6604567
5549832
6680592
6632636
6628288
6684744
2892708
6625127
1157011
6667157
6636283
6616004
2861168
5179251
2529799
1085812
1768147
6670542
6630183
6642584
6666555
2471784
6529543
4416108
5499682
6600141
1079498
6642499
5000695
6452302
1164445
5836052
6414687
6562532
6579560
6603701
1135471
6429670
5511084
6642479
249673
