6977768
6977768
6940004
6777203
6698237
6653426
3269268
3599662
6920775
6849063
5157314
4711264
5448300
6897929
6897321
6843561
6908480
5093530
6716462
3665087
6745404
6848793
6814146
6511328
6861193
6868714
6860874
3624956
5085450
5817414
6463591
6642906
5748654
2917123
6844259
6837169
6835176
2540038
6822957
6734155
1294506
6753253
1030075
1641625
6619229
6740600
1046896
6479538
3421252
4492011
5834813
4792994
1046331
1091766
1035124
1037177
1037362
4743054
6507850
6439180
6448734
1042973
5157616
5876196
5060344
3112989
3334235
5126379
5860412
1028935
2074618
4502246
5092533
5176110
5729733
2882337
5042984
3203215
5653639
5626752
5619124
4442395
2672360
5441427
3158702
1044677
3203787
1049907
2233467
1564633
2630486
5311897
2318342
1031031
5255791
1048739
1912418
5222763
5211632
5132420
5049770
5152992
5153567
2199676
3054339
5119371
1031360
4453509
4865277
4804854
2121451
2624341
2472642
4770549
2694188
4557238
1044393
2505379
4627599
3444341
1044951
3634193
2712667
4528574
3709205
1211684
1037772
3682509
3686918
3696549
3690793
1044491
3666162
3643677
3634424
3593946
3608546
3611084
1035575
3568250
3019064
3019064
3430950
2467105
3315900
3399467
3332418
3308641
3016896
3277037
3275032
2658653
1039690
1906058
2375892
2835061
2806444
3083208
3113015
3094049
2461379
3219575
2320008
3113033
3026884
2395108
2785012
1423126
2669479
2620494
2537277
2291357
945830
2435993
1030096
2088439
2302368
2284734
1962695
1032163
1963404
1942596
1610412
1197705
1648621
1803183
1039448
1920884
1044392
1411638
1486767
1244923
1240908
1030935
1286808
1033802
1300140
1033769
1211623
1032744
1102290
1048095
1038586
1036388
1032613
1032115
1045527
1044768
1046626
1044221
1040448
1043724
1040255
1039701
1043246
1041896
1032095
1032816
1036844
1029671
1030885
1034694
1034670
1034834
1032197
1031288
1030761
995217
