6972833
6976885
1600751
6493705
5801378
5442503
6963119
248138
6962263
6966401
6949977
1656050
6944765
6949623
6908948
6923127
6959073
6948184
3123040
1109224
5543826
6921483
6952352
2120025
6953250
6953250
4835884
6943031
3434783
1041458
953500
6942075
3075344
971535
6940369
4816089
1374159
977937
5461797
6924474
4695330
4730137
6906090
1381630
6895203
6895438
6838957
6869040
6901136
1559068
2598777
1114705
2834825
2636692
5670852
4805266
4735415
1024730
205394
6872905
1681533
6885326
6878600
3747553
6881681
6836524
6741482
5156813
4834635
2154298
4508908
4517841
6858065
6755293
6830600
1033811
6841047
6419477
6825879
1047669
6808038
4599748
1060281
5286366
5442511
1158224
6741422
2530660
2511272
1636931
1039995
6827560
1059033
6781678
1183447
1142370
2374868
6813839
6817357
6733998
6801592
6784496
6770003
6770500
4784035
6795733
6786727
6797176
6605098
5613084
6782545
1916870
6772585
5382545
6777440
952041
6787942
2332454
6788870
979732
6774045
6767388
6673648
6764054
947448
986596
6768558
6758873
1790685
3397031
971405
2154931
1307304
6760266
2126856
3579921
6706244
977407
6733552
6753795
2760006
3703271
2310225
1037984
5757925
6740824
5214572
3313636
5033251
2455770
1039355
3062004
6706451
5238347
3009186
6712652
2646186
6709314
6701312
1189559
3737099
983777
5812351
6693605
1159395
6694825
6602994
2914987
6674705
5393461
6672152
1440800
5807271
6664458
4661350
5135018
1026843
3755516
1596903
5716850
5879642
1194654
5337187
5490893
6647340
6609244
5777838
6611129
4658684
6626130
4640273
1030229
6633895
5230928
5351309
6578384
5441961
6629326
4416970
2892391
2032248
2311828
1118590
6608880
6616275
4806645
6602363
6611625
6606847
6591354
6559021
4453630
1851153
6549369
1162268
6581997
5707476
5437753
6419177
1888366
6581362
6581542
6489162
4778152
6573030
2582688
4600790
6543109
5628513
2467390
6544243
6535037
1039510
6532629
3210562
6482329
1881846
6514848
6490549
6499556
2864753
3569537
6503214
6490937
6485236
6493052
6485300
2708327
2284919
6455204
6466575
6467669
6476314
5891989
2757982
1661242
4600544
2593373
6451977
6456241
6440022
973609
6441483
3616563
6413881
5162695
6421418
2967611
3290525
4440913
2586229
6417555
2728473
3069115
6420976
6419028
2527442
6408125
6407294
6401175
1034242
6402118
5780896
5658623
4410814
5461277
2148718
2380114
1038982
4719283
4837819
5897782
3389447
5789243
5819310
5865881
5876707
5159417
5885786
2364178
4551131
5844384
1638027
5852661
1038792
3427213
3210784
5841734
5165096
5851587
5851604
5851604
5835110
5833037
5714250
5836484
5833579
1040648
5153428
5830788
5816552
5773313
4558972
4746802
5709431
5809202
5800720
5808339
5161117
1964051
3301420
5547145
5785459
5794245
5797244
2832205
5788943
5787332
5794955
5788367
3647296
1042524
1163533
3664172
2183878
5686111
5778538
5775385
5762372
5763074
5746507
5759079
5757710
5756885
5750225
5753251
5743188
5349971
5725516
5725324
5733815
1022882
5732829
5728006
4461376
5656686
5695060
5720251
4755787
5665681
5705598
3207380
5706117
5669790
5690459
5687505
5695238
5694746
5683935
5074406
1373266
5683447
5683789
2335789
5234031
5677920
5679756
5652392
5645910
5520879
5676241
5678444
5668282
4842647
5674457
5675142
3124816
5214039
5662099
2929905
5666709
2961729
2278914
5659441
3027270
5654598
5655548
5654636
3347749
5642036
5457391
5555226
1618443
5631502
5609088
5621664
5468164
4818727
5605639
5605357
5486236
5602326
5603075
5609484
3741239
5588263
5589249
1979907
5576067
3285941
5574937
5550309
3109039
5135410
5319002
5574527
5579844
2113286
4646954
3140924
5565606
5568327
2426479
5399971
5491729
4547963
1045666
5541278
5547538
5543495
5513254
5528851
4473189
5525810
5524607
5529443
5452198
3702883
973317
5478663
5472951
2542128
2430223
5476379
2874082
5455621
4778589
1154094
3152821
5488478
5481136
5484020
5479957
3636101
3690558
5474881
1904238
5259995
4759957
4748935
5456708
5438117
5438587
5440858
5436874
5433614
5433281
3131387
5432082
5419889
5427266
5429200
5369287
5419006
5422969
2922102
5412107
5343539
5401858
5405712
5303799
5231827
