938280
6979388
6979388
6978457
2928762
938453
1905653
5135710
6967584
6969113
2580629
940433
2874297
2959160
6947081
5641259
6931985
5123442
2684456
4427848
946698
2381472
6934088
6932526
6929697
6926233
6933578
6933578
1167946
6880947
5190118
5185489
6754306
1412925
4834042
5105141
2359713
6909223
6532517
6875866
6880793
946579
3365215
5058179
6550748
6871021
949428
6791147
6096820
5283266
2570325
6806418
4715567
6779578
938417
5417345
4718593
6835897
1097707
1519862
1413765
6821135
5180060
3375882
6793536
5376206
1592648
6425156
6808056
5384269
5163578
4753287
6411598
944184
5661200
1055318
5602311
6431292
5691470
6651494
6747060
6748275
6747087
4737491
5097952
3242868
6563494
5618006
2931600
6671957
6660860
6660281
6661296
6687693
5153437
5701821
6574152
5788341
6646296
6657596
6633963
5079680
6587855
5485836
4631835
1414501
6552888
6579625
6521132
1742572
6572607
6422898
6559311
6559992
1992610
5488105
5733401
5750832
6542066
6545262
5754584
4822317
4852413
3379060
3005483
6528136
6521686
6500589
6496910
4635583
6451654
6456361
6451905
1718947
6424383
6433010
6424793
5900955
4459460
2257167
5897338
5888174
5868943
5857478
5150352
5858708
5857905
5824394
3537003
1892720
5847945
5608244
5793346
949371
948163
5379513
5820296
1275153
5811129
4824862
5658692
5760002
5775405
5265162
5749396
5739796
5765219
5381812
5767022
5739341
5757027
5469102
5106992
4427831
5666190
5739457
5112042
2616197
2364818
4727403
2264822
5081007
5718218
5648726
4808746
5115589
5060217
4602702
5666953
4738685
5667642
5706830
1203002
2283726
5556876
4614698
5692125
5372020
5309327
5309327
939512
5671119
4715489
5096806
5420212
5457016
3667474
5653289
1973713
5650250
5645196
5644723
5620626
5628806
5566629
5632497
5582507
5642797
3437643
5537571
5601198
5590663
5605833
5397449
2960004
4791372
2031642
1446330
5560455
5511240
5573019
5154737
5557962
5216450
5083754
5553552
2540544
5388453
5517113
5509520
5453320
960399
5383387
3223842
5367575
2731942
4745613
5468473
5467901
5438098
5428101
5391941
2859115
4458015
4501193
5202656
5413814
5411478
5410201
5405369
5347201
5353838
5362956
5383132
5388270
5327073
5262572
4506563
5345757
5332733
1413785
5343749
4554412
5339606
4781496
5327380
5332267
5150358
5318866
5299153
5171749
5232853
1428557
5285741
4620720
3681508
941313
3056245
2550699
3267295
5265226
2041883
2100508
2647121
5224531
5044210
5209651
5213645
5209194
2609667
946845
5191192
5188271
4629377
4550377
2083414
2816441
943515
5169090
4868740
5087622
5158668
944029
1414828
5152366
947621
5152375
5140749
5134993
5128737
5128707
5112358
2489362
5097376
5095918
5081746
5078207
5073452
4780084
5049895
5059174
938932
4852533
4851642
1765106
1990136
5033321
4997716
4998299
4828253
946145
2399063
1920210
3352659
4812289
4816442
4820640
1946486
4791622
4772734
2738157
4794105
4780829
4500314
4785042
4784992
2649673
4766018
1921402
3742766
2755816
3720251
4604591
4645545
4703464
4694145
4401332
4445776
3596371
4655630
4570088
4643503
4536607
948062
1414208
1206108
4622820
4630660
2212404
1908487
4605903
4621655
4621340
4501354
4510777
4592914
4591010
4597280
941804
4581663
4592563
4568024
4580200
4533936
4437384
4467115
948764
3693768
4503653
4488982
944159
4471647
1751896
1957742
4429613
3710537
943254
3846847
3676060
3632647
2240927
4404128
3741078
3441943
3731249
3727984
3176560
3608949
3088783
3295647
3156132
945969
3633425
1813944
3615714
2644142
1414376
939911
3577143
3367083
949581
3284533
2036534
3411784
2157750
1647166
2404204
3249094
3356537
3341741
3334077
3314721
3327157
3149621
3242325
1754940
3194304
3198038
1977529
2616862
2959235
956722
948694
3066353
940422
3149809
3087867
3051190
2324461
3012710
2994858
2160587
2930683
2900974
2874093
2863127
2056113
2909495
2085341
2771339
2841812
942551
2809735
2812653
2745326
1511651
2726145
2765433
2762473
1802354
1414900
2562581
2502061
2186020
1413640
2603289
2572122
941257
2577674
2563829
2568837
2500899
1842169
2018215
1451769
945741
2117461
1877349
2502307
940760
2069537
2040832
1961988
