6956380
2639934
1867065
1862758
1859732
6975265
5048183
6856324
5170579
6964804
5334862
3623911
4816234
5818585
6412820
1593718
6752773
3301496
3737656
5239822
6961411
6936669
1044292
6939462
6944825
1107653
242824
4601944
3314491
2082600
5704006
6961231
2901422
4784375
6920858
1000513
6956211
6948197
6846851
5731697
5825290
5796925
6778636
5808948
5822415
5060017
1054857
5369834
5156317
6926711
6927353
5128841
6949585
1890500
5839645
1207340
4732703
6897634
5165279
2315701
962397
2554092
1825475
1300837
6814175
3565390
1226628
5130556
4413913
6935755
6941048
6927194
6927250
6854432
1061712
6721403
6931748
1887362
6716557
6578210
5707281
2999210
2862849
6481125
6537734
6798819
6868368
6917175
2663220
1843306
1628356
2043356
3116565
1867850
1388911
6760370
5675224
1892028
6911545
6845165
6868974
5051589
3450998
5548525
6902137
5345176
6878413
5684151
1348290
4545057
6903431
6487317
6481338
4504796
5744624
4562648
2521297
6906077
6795799
2194294
3639275
6858332
6553773
5096404
6650053
2575523
3083893
1664543
249636
1296903
6868140
2094109
6860137
2836072
6581650
6867574
2750532
6866405
250272
6862006
6855644
6799326
2323237
5769715
3421560
5681743
6741742
6435133
6852045
6567293
5403479
4512769
1789255
6778229
5035113
6835794
6551670
6590784
6634242
4793729
6579780
6835255
4474554
4577617
1109690
1163171
6544205
6669220
4598164
4576773
6698384
5843767
6834498
6833529
6825071
5111138
2548556
3418229
6507229
249764
6785676
3056551
6653122
5212189
6739395
1479059
6804369
1778026
6679880
5222390
2139133
4469694
6797691
6730392
1061078
6787339
1200967
6796834
5059189
5810038
5825829
6803102
6798699
3261005
6771858
6785863
1137889
6792344
2151456
6643281
6611890
5811969
6767659
6778160
5084730
6488364
6793979
6763128
6650317
6694998
5826592
5142702
5190914
5145261
1156851
6780010
6693414
5821845
5239564
5575215
4635672
6676077
6570705
5032569
5204241
6454771
6768798
1099826
4402888
1357587
6719316
1971538
6747614
6747303
6707020
6754661
1315007
1211604
6762717
4474479
6762549
6762714
6728804
6745383
6752686
5438421
6119300
3148153
5804727
3337530
2267406
5158087
6746449
1723114
5345057
5649719
3096413
3224469
1832875
3318176
3449371
1447763
6734115
3565479
2929384
5824331
5075380
5598652
986532
2201984
6709412
6718243
6676043
6712058
5258177
1410415
1107645
6730510
2890273
6727176
3740107
1163823
1518558
6701524
6718306
6720172
2173996
3056302
3106887
2608955
5698878
1871256
6597875
1150282
5251024
5292774
6710550
6704104
5831926
1163858
2100172
4793897
6425491
2842292
6617737
6690893
5902573
5901678
6698633
1237927
6493415
6684705
6678328
3072802
3006182
6599440
6639354
2184545
6681557
6658571
6679270
6681532
249840
6662718
1187292
3067779
4500775
6660309
1888785
5545868
5318992
6668632
255358
5058253
2565646
1858592
3587317
3144634
6639758
6648729
6540628
6647221
6583047
6617806
6655414
6641228
5038566
4621692
6637796
6541736
6416417
6651642
6650931
6459899
6626132
6643752
1244694
4804985
6578805
938121
5276921
2613426
2149969
6597353
2594016
5358554
4831182
6629308
4659447
6620618
2117371
4809601
5893944
6600540
6608068
5627852
5433265
2771057
6526958
6596770
2623797
5790849
5292163
6611114
5345908
6602791
6609229
6584583
3018776
6529264
2352716
6590393
2036860
4641188
6548971
6529003
6517946
6571399
6577755
6535207
6484606
6579407
6579947
5681231
6546330
6557814
6576572
6570446
6539373
6546426
3407739
1282958
4827869
5609114
2583425
2530613
2119763
6544847
5274618
5896194
6517976
6530627
5778200
4704731
6551099
6456976
6548371
2671447
6532456
5401863
2596613
5818890
6532416
4767136
3243125
5745207
2856787
6523171
6521825
6486432
6431711
6456417
6448539
6437027
1190157
4768277
6501703
5468302
6511239
2560961
6510673
2292080
6501398
6493646
1599738
6492224
975748
6493609
964533
6439619
5657185
6488989
6483978
6474699
6479625
5686697
2332827
1828631
5423239
6475612
6472921
3572338
5617864
1919886
5770351
6427781
5809785
6464874
5813265
5761550
2784136
6454291
6451887
5897774
2315152
6448156
6446708
6429370
6424621
5751765
