6978916
5425661
5562412
6944574
6955380
1067691
5501323
6956798
6956798
5622076
6839004
6652487
4727925
4478213
3748919
6737286
1611838
6872491
6872491
2832157
1066981
5414028
1063644
2468780
4753571
6799137
4738143
6639472
6416328
1072148
1731856
5194424
1107458
6807356
2059596
2860056
6629379
6768005
2459308
6735106
1112351
2668972
5782489
6730914
6674352
2417395
6625710
6673831
2350444
6583448
6638094
2062139
1760347
1996859
6681938
5141670
5716135
1107937
6670763
5643571
1883770
6652411
5811519
4199586
6619650
1065879
6613678
6582695
1024524
1866454
6566085
6585885
6508911
6527820
5129640
6564511
2204030
6550119
6550119
1809659
6532077
6499220
6502512
5538937
6499218
6499213
5508996
2062572
6455329
6447573
6449090
6413877
1793906
5890810
5773174
5804816
5716170
5851285
5862755
2688850
1393664
5492694
5714934
5798917
5167552
5798541
4805337
1205878
2372039
4460103
5798147
1410384
2616894
5748352
5747078
4571329
5738533
1108196
5137755
5715388
5714931
5715325
1105010
5705048
5709098
5684897
1280912
5592555
5639873
5611275
1065813
3337015
2102829
5252393
2723843
1105772
5568739
5587803
5307686
5431260
5438816
5494227
2128451
1067979
3739061
4768290
5514515
5516632
5486964
2387430
5418298
5475935
5436049
2377831
2561698
5435562
5311675
5315087
5430973
1068843
5402968
5371822
5347500
5348820
4862751
3218141
3021263
5333437
5339632
5338282
5228257
4480652
5322056
5319672
5314007
5216317
5310281
5312227
5312227
5307837
5307713
5292650
1859290
5302045
4563518
5265823
5277865
1725738
2763030
1839971
5238675
5280152
4602976
4547732
2293051
5152882
5244609
5195226
1064336
1764419
5216096
5184970
5190438
5162128
5147987
5131709
5127596
1261325
2243197
1068078
1040734
2264230
2547731
2975470
2146439
1550696
5092400
5116194
5116958
2754296
2068974
1483694
5063247
5081259
1983579
2233919
2638026
5080264
2104175
2125894
1057121
2152971
1066840
5081645
5077110
4791641
5054794
5042132
4546805
2067797
4831416
4838518
2066394
1108115
4817187
4813984
4780740
4784404
4780749
4733344
1575623
4711641
4646946
4480790
3563292
4639565
4612132
4582346
4611217
4571896
4575169
4569516
4550007
4465131
4484338
4410634
2045031
2065406
2311635
3628219
3636807
3685246
3765314
3707700
4446055
3691795
4439666
3758698
2062370
3758562
2184481
2597448
3747541
3715425
3690805
3739637
1273431
3400960
2100469
1672505
3412019
2873520
1063859
2386144
3302591
2677998
3131440
3259286
1065981
2206214
3142784
3208071
1135301
3092236
2232847
1066784
1221845
3164752
2631459
3126649
3025325
2952326
3016672
2611501
3062282
2617229
1481410
2090622
2714472
2878214
2966484
2959461
2715575
1823870
2239537
1187837
2795310
2811718
2851875
2781783
2678883
2671224
2663699
2621554
2555269
1066690
2557520
2520650
2520566
2256210
2042967
2475070
2328245
1105685
2390235
1068107
2344567
2343032
2299222
1457970
1062143
1927943
2298442
2288291
2182579
1279446
2253955
2250357
2227661
2229937
1507221
2187815
2192623
2208968
2096551
2104495
2112819
2163568
2102421
2164007
2147356
1982547
1112979
245954
2122948
2099545
2108133
2105328
2096180
2055189
2084730
1761384
2089034
2087574
1977385
2077592
2073543
2058681
1255346
2069742
2071060
2069070
2065478
1687306
2059295
2043370
2058563
2048497
2047618
1750785
1553623
1104465
2038744
2037171
2028846
1329649
1211958
1993675
1602848
1256892
1813473
1616943
1968176
1103077
1963472
1219567
1420897
1947309
1860170
1904724
1246188
1313366
1267950
1737801
1061327
1797424
1249672
1854853
1757003
1751822
1805164
1774314
1446867
1071824
1105449
1747536
1744942
1746398
1061810
1603935
1725753
1523138
1628975
1651312
1671264
1216249
1655010
1525269
1642868
1553106
1526960
1522916
1522256
1527947
1524577
1507031
1510949
1316314
1034321
1064715
1473549
1159668
1068515
1445528
1279488
1428259
1419023
1116844
1408058
1409291
1392488
1364044
1365090
1062341
1333315
1256318
1304441
1060033
1245480
1243065
1200940
1211992
1202859
1202858
1150407
1137008
1098415
954016
1113240
1116316
1104795
1107158
1108362
1066818
1068974
1077922
1076775
1070166
1071021
1071899
1069478
1068345
1066684
1061640
