6978579
985529
1009284
1005952
6967711
6958641
6932470
978774
6935498
6950029
4552558
3389703
2900192
6918497
5312277
1829092
1183808
2686134
4640745
999177
2682166
3257096
1991578
6937933
3272719
6823459
1170409
1313952
3668307
5872040
6889177
4723020
1003132
3221726
6891970
6889657
1317171
6885808
6850924
6731350
6868363
6832846
6869640
2205115
6874459
1451467
3207148
5265328
6851043
1414457
5544116
6635664
6767258
6711498
1010916
5320677
3701297
6800465
6731334
1210530
1407920
949710
5362077
5272148
6785202
2197821
4799618
4793258
6634299
5272290
6646973
245065
6676727
2735622
1009448
6716343
6741786
6756765
6554464
6718241
1314216
3085288
5064989
5834125
5753771
5096003
2695842
6731346
5141770
6574111
6522130
3314438
6706185
6541670
6414489
6653855
4723975
6691191
5754404
4703893
6678964
1023129
6661462
6671765
6674383
4499192
6604425
1778763
6649158
4752738
4852543
5502750
4546492
6477687
5123909
6580824
6525776
1009493
1332646
4639356
6581598
5270744
6529920
6532310
6552202
1823833
3226627
6558238
6558238
5061281
6542926
1207932
5477702
5884335
3314804
6495979
5315269
1559525
6498545
1027017
4757487
6499727
4812835
5046170
1482801
1451439
2302158
6482929
934007
3579983
6473727
6456539
6472494
5723049
5610801
2535006
6450881
6431496
1008240
6431575
3157758
6412061
6415762
6419943
5899764
6409998
6408040
3366941
5900987
5899086
5791022
5868309
2594580
3308118
5600498
5841678
5852247
5820950
5826900
5820347
4472373
4612398
4698836
5296816
5818994
5799284
5792796
5224557
5075604
5285879
4563768
4527436
5752502
5742859
5177018
5645117
5556857
5745647
5742754
1006935
5720213
5728588
5725948
5039376
5715355
5700360
5698483
5698483
5670419
5650940
5460433
5676320
5688721
5253094
5676589
1012984
982053
5232942
4717382
5572369
2186460
5589834
5589678
5570964
5566408
5569848
5569775
5564955
4645153
5513525
5564134
5555530
5563208
2925994
5538764
2575038
5534269
5529460
3361662
5442133
5495051
3672948
3669353
4664562
1009900
5484007
1920017
5428384
5485395
5456142
5478302
4477488
4473953
5389929
3376575
1473536
5471731
5470316
5466487
5451920
5434604
5423636
5418346
3730291
5392299
2891891
5418465
5414264
5248385
5400031
5408418
2310214
5377603
5014943
5333971
5270695
3276881
5151082
5045866
5174737
979739
5310374
1002611
2161640
5240833
5370402
5137087
1006543
5275135
5352239
5359895
1540629
5348847
3150815
3146151
5338532
5341125
5344513
5143071
5324949
5305312
1040668
5326292
5321036
5317245
5302579
5309196
5305173
5302229
5291185
5106357
1025560
5255396
5205099
3346576
1334359
3705296
1996670
5264319
5267308
5257045
1651897
5255647
5253090
3645207
3443701
5237662
5242581
5161966
5234826
5210649
5234279
5216841
5164943
5227687
5229619
998890
1000421
5218555
4709080
5221985
2928134
5215722
5212598
5197874
5196827
5040659
3589176
1208602
5132615
5171832
5158134
5162987
5159100
3673009
5151022
5156171
5078569
5099541
5150785
5150995
3357670
5147542
1008214
4501182
5122613
5121023
5128627
4579522
5121662
5116545
5109748
5110070
5110304
5101253
3434490
5078131
5053728
5086429
5082287
1988119
5071702
4852296
5069821
5062710
1000388
5034829
4860988
4794932
2023485
5035390
4865637
4778918
3395342
4854735
4821973
4834977
4834881
3356726
4758731
4820911
4818166
4815193
3192548
4811534
4795615
1007584
4809856
4805346
3716077
4799572
4784814
4791565
4558961
4787947
4782258
4785091
4776346
4771862
4783207
4647376
4766142
4759559
4749108
4757474
4750259
1028623
4637849
4624907
3348418
1761296
4737819
4412136
4735933
2886922
4652721
1975294
4720468
3150969
203959
4709492
3435008
4639160
4694695
4582286
4699680
2689188
4652263
4649074
1002889
4582955
4540711
979133
3227309
4621902
1012956
3304377
990573
4619712
4554379
4501921
4585862
3661596
4582882
4524194
1313455
4535966
4568826
4482276
3752847
3743124
4563295
4403209
4554196
4536960
996707
4533681
4480783
4505569
1016760
2089300
4499768
4500035
3582808
4498830
3439495
1540675
4488076
3647458
4423385
1240984
3648604
3037783
1631785
3217820
3766658
3142214
3378998
4435838
3601623
3657122
3657299
