6975320
5202723
2700110
6966037
3311916
1036374
2663827
2173420
6970626
2193084
6973244
1639243
5272704
1028467
1148869
6964123
947483
1036469
1280543
2923517
6858246
6891726
6879883
6956584
6950829
2539862
5124258
2011890
2160663
1831831
6931639
1921089
1397792
2005425
6925634
1816842
1035880
1271715
6714371
6913635
6865611
3584148
5867203
6906221
4481145
1039620
2157264
1950391
4579847
6839628
6905798
2885332
1700177
1038634
6890659
5349798
4502710
2775681
1619940
5037823
5127094
5373182
6428768
6851954
5627273
6540101
5450761
6837877
1043790
6577284
2103988
6727994
2057795
6803973
4711684
1753119
5083760
5114519
2178986
6443628
6846553
6851467
6847455
6833549
2528628
5158116
6780894
5883014
6784819
6823814
6823234
6797127
2568266
2565574
5602097
1718908
2233770
1242189
4792431
6769316
4525292
6760258
6761432
1294959
1878001
3285701
2335801
5624792
4620634
2507849
1329376
6704309
1055383
6677969
2106398
2979704
3198534
2064051
6693876
6697023
5271744
5732420
6524986
1036950
1766458
1331751
1036519
1028903
2158840
1597333
6643816
6614611
6607913
5323561
6575910
1717293
1727532
6599406
1029730
3427020
5568412
6446839
4696574
1027484
1672239
1801690
2202915
1775552
5704191
4486901
6549418
2147276
6539111
2418397
6513312
6506812
4717240
6509244
5904811
1028067
5212683
6469913
6489660
6463086
954461
5432333
5813588
4805567
5757911
6436813
5870788
5832399
5895285
6438099
2280441
5869195
3103733
1452364
4557107
1399162
5455371
5883245
5545687
5892494
5903084
1523188
4850163
1638889
5823163
2080012
5847977
5835819
5825297
5816898
1035005
5445367
5785865
5806853
5767303
5786024
5775211
5777527
3734234
5769396
5768306
5752826
5763421
5106720
1462617
5357721
5724610
5679752
1715369
5716153
5712905
5708376
1558079
1029729
5669625
4821821
5697740
3226524
4618954
3017135
5649232
1562080
5644331
2285430
5632480
5624915
3706723
1523431
1989243
2168486
4529105
3348852
5552606
5585938
5522366
5507251
5575656
5353271
5493378
5565196
5349556
1398996
5555151
1468028
5132485
5300725
5199473
2046644
1038486
5483017
5362397
5413690
1040208
5442724
5461559
4506339
5470176
5034224
5453836
5221027
1028410
5446900
4477240
1301905
1466448
2287226
1845961
2579341
1398608
1399374
2944407
1216788
4823611
5421382
1917797
3662185
5297554
2638297
1725248
5371443
5397375
2319433
5386743
5225746
2125345
5358200
4557157
1099768
5293535
5295314
5315994
5358815
5145253
5349584
1398877
1607953
5295345
2096717
5334168
5246716
5206768
5179181
4592219
1333616
1607908
1030542
5067579
5275805
5280323
2448694
4841071
5256041
5243379
5225723
5212786
5225747
4701106
5127047
5195152
1601810
4997332
3417922
1042059
1001185
2537433
5037299
5151619
2007718
5168881
2509744
5143809
5141040
1039745
3084880
5131034
5057819
3186451
3231204
1067184
5088864
1037411
5074631
5047684
2441635
1961069
4454356
1436479
3218870
2852095
1032641
3300624
1847318
4823559
4848514
2168253
4850920
4799159
1398735
4711086
4841841
4504125
4825981
1399100
4724583
1499985
4421652
3694554
3173617
4717315
2355568
1037493
4770074
4619473
1495223
3704364
1833329
1652171
3662069
2124420
1216226
1846835
2059266
1567191
4410563
2030325
1038287
4667640
1808430
1036677
2023845
4656391
4655701
3704008
4650725
4644901
3007121
2382501
4539125
1905636
2645726
3167647
3047285
1040052
4620893
2945190
4615709
4619329
1857397
1894821
4606115
1476246
1509121
3579793
4590223
4574599
4478629
2065715
3745121
1541249
3028459
1398488
1027969
2105926
4472511
3071704
1721611
1036813
2543004
2176491
3181466
3621320
1037270
4492941
4492521
4499241
4425293
2006845
2768164
1269153
1046685
1721577
3635093
3372100
3386728
3731489
1594659
1905903
1945628
3308847
1029971
4490663
2260872
3335855
2593626
2615898
1597341
1116409
3624282
4464795
2010153
1665290
2429641
2053967
2576490
2931857
1399116
2994504
1622473
4458033
4461038
2861710
3050129
4416540
4450596
4395522
4423100
4408190
3759876
3730104
2033095
3681353
2756027
1029586
959806
2075846
3705804
3681347
3694979
3701198
3683991
1031007
3676979
2964547
2182493
3285182
3067584
