6835279
6955540
6978716
6932770
6745391
1074806
1061357
1064972
6935370
6924182
6924578
1223817
6919620
6890307
6813307
6904051
6797992
6861145
1071439
3037542
1199502
6565362
6672240
5860124
6745799
1074998
1069531
6725588
6627634
6451073
6647343
6505910
5890018
1073330
6614789
6579021
6580040
5561396
6559833
6502519
6551751
6535485
2607793
1605636
1084049
5651470
6437993
6413053
1065950
6407392
2584466
1084026
5798052
5794952
5792287
5801413
1871756
4439693
3374637
1065868
5698847
5388946
5510001
1065508
4737673
1100702
5405890
5450169
5409793
5335083
1068696
5181406
1064810
1061943
1067893
2094627
4666973
4666540
1068597
3340059
4606899
4580023
2780817
3178300
4398176
1074234
1067683
1382104
3671140
3303993
3296807
3218790
3104135
2877938
3062829
3066559
3035871
3003228
2954514
1380661
2916462
2851817
1067214
2782449
2734605
1084649
2524442
2432748
1798986
1068943
2351993
2069855
2117658
2202512
1911468
2169757
2118031
1066916
2054737
1894915
1860658
1746190
1066330
1062298
1067237
1061092
1061714
1458847
1116216
1067570
1419040
1062544
1065080
1061265
1101800
1052890
1084032
1067430
935566
1251022
1064304
1083867
1174794
1072037
1112656
1109131
1108099
1101634
1085632
1083187
1069879
1075149
1073632
1073828
1071182
1071821
1073293
1063066
1069378
1069400
1069627
1070118
1069703
1069685
1069555
1067543
1067568
1067761
1068526
1068368
1068439
1066705
1067346
1067046
1066962
1066913
1067094
1066996
1066544
1066533
1066474
1066427
1066390
1066345
1066132
1065893
1065724
1064286
1064231
1064561
1064572
1064594
1064966
1065372
1063592
1063280
1061235
1062113
1062926
1062744
1062532
1062152
1061088
