6975139
5652643
6972153
6975602
1873917
6978345
3087377
6977202
6977193
6971014
6571287
6977613
6974660
6957251
6974683
6953286
6953789
2788591
6973434
5319525
6972446
5104028
2706548
1025066
6579909
2939716
6802461
6760366
5866921
2122562
6974066
1149012
1073304
6973690
6972420
5709582
3605446
5104087
1191878
2671888
6966114
6959882
2846493
6944873
3021418
3011537
6971480
4416482
6955140
4457862
6963287
6968455
6967555
1144719
6970287
6954390
6945069
6964907
6969764
6969169
1729763
1557838
6969365
6961770
6963620
1779338
6966002
6965505
3286253
3209149
6964627
6959166
1797389
5665023
6960858
1817986
6962539
1808028
3207303
5363015
1723086
6963938
5509677
2062938
5543506
1325922
6961062
253003
6960599
6962358
2859776
1764808
6962259
6962862
6932732
1751087
6959917
3446321
2118457
2079958
2149673
2140306
2130867
2113270
2099308
2093576
2086998
2072541
2068901
2035238
6552458
2909561
6584738
5454637
3008067
6959585
2681149
6936045
6958498
2839136
1469630
3035288
1702657
1829008
3001134
6957845
6957650
5576620
6952834
6955271
2764570
6953473
6933808
2159491
6953888
6804192
6602958
6951808
6951759
6953165
5717241
6951619
6952000
6951468
5628430
6944196
1675514
5738732
5139697
6950925
6942695
4643594
6945904
6948175
966692
3174649
215149
5898252
2617305
6944776
6948188
6939429
6933871
3182590
2162651
6944162
3715407
1855757
6944609
5682000
6945697
6924472
6942498
215270
2114105
6499291
1146099
543791
1355993
1608008
4442869
6935418
6942529
6942874
1811184
3069781
6917635
5671462
2485066
6936134
6939779
2131817
2063497
2010439
6935974
2158975
2089723
2030560
2132276
2032739
2089916
6888810
2690965
6937522
6938099
6925908
6929828
6931516
4582804
1001750
6931264
6931314
6934039
1725483
6934106
3110474
6928232
3360197
6557524
6924645
6926456
6926924
6927442
6927471
4397895
6933359
6921609
2711825
4436561
245205
6632419
5235002
5759570
5606045
1874724
5400305
1287604
4755236
1206834
1115896
2116220
3694619
6816976
6924802
6922461
3276447
6595868
6924395
6924065
5076275
6823205
6919543
6910249
6920749
6920484
5188296
2113673
1424025
5046346
2410445
1611284
1323758
5528370
2831013
6920253
1655206
6798804
3638127
6828213
6919311
5237001
4547797
6915571
6915296
1170679
6917365
1225109
6915950
3709681
5365769
6416000
6919097
6910782
6911963
6918417
2682015
6915200
5692077
6786876
6917933
6547452
5085321
5084200
6915509
6906919
6882659
6910407
6860491
6911525
1950246
2052574
2196856
1937087
2818998
3194424
3079070
1865380
4641691
6908570
6901698
6908501
4781222
6903716
6895285
6901522
6888463
6670703
215238
6789861
3397158
4473294
6902792
6895353
6896885
1182290
6896160
6896471
6899764
3180794
6888799
6690556
6893654
5326748
255735
6894978
4441230
2721673
5333676
2695522
6892129
6795227
6696944
5746665
1399984
2532055
6896035
6894042
2429147
1145202
1286260
6890184
6894785
6894127
6805072
2114244
6894349
6892892
6894705
6894094
4441577
6893713
6893545
6893729
6872092
6811129
6887078
6890439
6877909
6887662
6889697
2777203
6891411
6891146
5874830
4486388
6849554
949845
4587035
2667110
6796925
6890178
1406276
4666271
4997854
6887295
6888991
6842545
215220
1346204
6883634
6701874
6888520
5881647
6881636
254577
6866022
6887076
6791356
4603639
5820357
6824593
5437823
4582754
6867990
1803250
6869076
3169260
5448419
6881987
6878317
6881542
6882542
6883099
6880522
1331620
5595685
3028372
5280901
6879565
6828360
4849384
6879663
6869724
2511773
6881186
5774730
6879192
6876066
5430097
6869444
6869444
6534933
5374446
6877825
4783379
6867618
6876367
6873658
2073573
1651633
5549009
6875707
6873532
6866058
6874270
6872081
6869450
6868145
6869329
1720167
5640470
4779195
5400195
1805816
4761131
6867133
6864867
1538351
6871714
1092766
6871326
6871676
6869073
6870725
6870674
5080567
6870715
6870781
6677129
2849319
6863045
4732790
6869587
6867839
215180
6865417
6866992
6864928
6865704
6861114
6863244
6865304
4432762
6810491
6540773
6574129
5587438
6839586
2266630
6859230
2158781
6849623
6857777
6859161
4595972
6862955
3613325
6858709
6832406
5678990
1378904
