6979814
6979814
6978249
1253656
6974330
6974538
6976289
6750674
6969836
1274772
5055037
3063546
1652436
5273298
6972869
6971344
6966259
6964535
6966716
6962970
6883651
6853729
6966250
6938346
6951960
6863326
2928277
6915139
2624111
1349266
6779775
6960551
6964428
6963124
6961723
3063544
6696337
6951292
6959796
5522718
1269975
6953205
5692257
6952980
6957040
6960436
6961046
3009370
6959972
6960110
5355799
1625579
3045995
6954666
1205817
3172689
6945754
2979502
3127889
5681610
6895829
6945246
6950606
6950548
6943578
6945821
6948599
2979047
2825275
3174999
6937877
6937958
989008
6949289
2883581
1091637
5736084
6935248
3755754
6622017
6931723
6934147
6939086
6933385
6935363
1445971
5864302
1246335
6938895
6937370
6933505
6933264
6931925
2545956
4695775
1099030
6880763
2111273
1173767
1287226
6933902
6605252
6932902
6933341
6926276
6931920
6928626
1544387
6900583
6925316
3065917
3208152
3051774
6925616
6907015
1213836
6925001
5286627
6909212
6916072
6810747
6911310
6913773
6900812
6906378
6910324
6918189
6916278
6906941
1205369
6910057
1190641
1453745
1397068
6529241
6873835
6902189
6908459
6903661
3638121
254172
6896765
6889843
6891893
6899002
6880008
3191088
6898607
6897520
6897335
6898100
1150085
6896329
6712347
6891343
6894727
6878655
1007107
6817527
6886898
1102783
6876252
6795394
6881402
6861841
6870566
1451206
1807520
1089243
1360341
1155070
4628844
6877749
6864254
5601990
6849055
6823920
6819932
6827226
6806752
6807807
6813247
6818836
6836337
2779755
6872566
6873708
6503525
6872521
2687905
6607132
6865283
6870565
1193431
2529460
6869777
6849002
1142471
6862268
6859173
1087294
2853304
3744147
6828250
6441424
6431116
6826315
6791924
6854408
6815062
6843291
6837682
6747232
6830325
6846215
2872410
3627464
6461489
6839611
6808591
6843883
6840232
6840277
6841452
1231431
999333
6826015
6833435
2820107
6837322
6829309
6833127
6838764
6506289
6499528
6526100
6533419
6542966
6567486
6561184
6574558
6824976
6832770
6806248
6826524
6826734
1282917
1238439
6788266
6822753
6823498
5592328
1392910
6590209
6624017
6632950
6655704
6746743
6800316
6813928
6814879
6819895
3357006
6571218
6708787
6605273
6808592
1282551
6808751
6798017
1623228
3658624
6788796
2689398
6804195
6803215
6662151
6668447
6791987
6775967
6701242
6708283
6715682
6709755
6736383
6771408
6791595
6797178
6778369
6785724
6803112
6577232
3031640
6763532
1193648
1172266
6790730
6797032
6784031
6629431
6779766
6745073
2524438
1172435
3168196
1107029
6788104
6780984
6561856
2616200
6790890
6780137
2715481
5768260
3123057
1061567
6788113
1105413
6781688
6785823
2954590
6782835
1156545
6765043
6780868
6614698
971205
6780655
4805243
1225495
1472219
6773160
6768932
1164374
6758259
6760089
6699766
3683405
6769742
6767623
2668690
1463933
3341996
6759520
6762718
6761800
6761906
5227566
1307459
6761803
1289197
6736299
6759652
6757914
2221695
6752832
6754252
6751001
3047438
3172001
3094136
2911054
2820720
2731407
2913108
2756451
2979234
6752883
6744285
6539401
6683260
6742378
2449373
6743197
3737942
1532459
5727301
2583421
6704885
6738215
6530148
3164138
1161335
5728012
5652909
1344256
1043444
6646457
6734737
6718004
6732127
5396115
2747806
6732867
6721723
1945159
6720359
1074169
1107636
6675591
6718817
1372762
6698172
6687688
6592569
6678116
2502105
6711392
6712141
6707030
6697145
3177113
6691738
1256327
3130750
1088399
6704521
2944236
6633310
6683731
3001064
6693857
6517801
6692446
1424367
2873122
2936662
1296980
3012428
6663847
6436788
6694266
6688025
6691482
3392898
6667703
1638548
6675124
6678012
1169335
6664104
5754542
2930749
6659725
5397885
6677324
6671196
6665457
2890221
6612014
3179350
6492211
2090072
5627384
6653762
6652903
6658938
6558531
6658432
6657882
2693440
6644289
3165493
3570264
6647341
6639394
6641666
6638060
6611858
6633454
6611027
6639191
6638605
6630482
6605966
2779816
6619972
1303164
6620430
2722068
6619137
3018531
6609232
5811226
2505756
6609702
6595950
1105221
6530151
6603068
6604864
6561174
6603729
6408071
6411031
6604744
6602917
6600040
1467075
6602102
6600189
