6952100
6958926
6971688
6977814
6974034
6977763
6906819
5141905
1868701
6976596
6728579
6974526
6977159
6965026
6976240
6976595
6976595
2217652
6976033
5113409
3698994
5224497
5600037
4719648
2176799
1395341
5150425
6974119
6974119
6963897
6973282
2405623
2690659
1136467
6936060
5593986
6973015
6973015
6972871
6456402
6967858
6964060
6966736
6968243
5136011
6939930
5662423
3357282
6823756
6955649
2530884
4768112
5282756
5317586
1457275
6966040
5627616
6781030
6892659
6966365
2627427
5753533
6950824
6965685
4444126
2793975
6964431
5307897
5046745
5822428
6963653
968683
6963366
6624029
3679734
1719743
6960061
6956444
6962241
3016693
6954234
6960932
6781975
6958042
3044286
2878034
2971624
1788731
2932874
2838953
6958270
6945001
1957732
6957396
2398922
6912265
2998760
1176428
6953975
6951829
6955451
1028663
6951039
6945897
6453476
3177918
6930207
5159781
6449344
6939222
6926350
6954704
2800772
983625
6948021
6953550
1348001
3421824
1852736
6864298
5645935
2514924
6946555
5651341
6948676
2747209
6948584
6951904
5277855
4784869
6643658
1032694
1847287
6942630
6889912
6949904
6943751
4423581
6896678
6894084
6911457
6925098
6943233
6844183
4611864
1814767
6938996
2812238
4810547
1350647
6940704
1819390
2941961
1840685
5525868
6945106
2954780
1327379
1889202
2249962
1959795
6925003
5008738
2432511
6857835
5170835
1813333
1875512
6944644
6935788
6945321
6935034
5245364
2025702
6942178
4538576
6828361
2512290
6942193
2606119
1604407
5822364
4695440
4774156
960527
6938796
6904811
6940980
6772291
1843254
6942081
6928187
6919529
6941152
6932101
4847434
2117409
2954992
6819317
5610106
6939726
6939277
6934261
6879429
6935841
6939154
6937564
4414724
6923620
6936147
6934897
6930595
6924849
6869753
1462735
4747113
6933125
4855413
4780833
6930204
6682139
6933606
6932888
4866633
6920965
6932260
3082301
6929649
6709982
1954951
3391226
6931237
963266
6930049
6890486
2295153
5077350
6929063
5428135
6873512
6924585
5273404
2614207
6927086
3149380
6584702
6924470
6579554
5348340
6922921
6918562
2486755
5314176
6923939
4554126
6915761
6919150
6924254
6923970
5596506
6923301
6922782
6895357
6878715
6906809
2691392
6916480
6891353
6917375
1714020
4699542
3279344
5125028
2539407
5259096
6916370
4714901
6917805
6917611
6906066
6907620
6910967
6911400
6916414
6915028
1870966
2896654
6916268
3255756
6909569
6914215
6911469
2713044
6843620
6845259
4501099
2822578
2931515
6883132
6636064
6910297
6908891
1888468
6907067
2403411
5188067
6909246
6689057
6814894
4398232
6901953
6900769
6906929
6907280
6904317
6907357
6906950
6901912
6901285
2497276
1235831
6878953
6893543
6904166
6891278
6901614
4796820
6903064
6891334
6897819
6903485
5454322
6900790
6619526
4479625
6897695
1036372
1395380
6684024
2438448
6896390
2522408
2601272
6803321
5429005
6891490
6899295
5380550
6894411
6893014
5233133
961901
6895920
6607121
6896021
2040657
6889151
5500523
5539647
6590968
5319201
5680960
5380306
6890547
6887142
5221924
2111146
5107186
2829964
6890019
2216823
5349767
6867368
6889959
2583819
6887015
5077008
3428555
6866814
6886539
6879265
6886909
6886758
6824065
4736947
6753521
5255842
6871109
6884996
6883946
6883887
6878759
4847677
6867592
5333258
6879060
6879390
6879886
6660816
6883739
6880693
6877225
989061
6867642
6841678
6846068
3260890
6877415
6882850
6882073
5620413
5659888
6863536
6876095
6878439
2801793
6870639
6876733
6879066
6878509
6869470
3427582
6534449
6877988
6877907
4658040
4771109
6875549
2083599
3279290
6874346
6844688
6869934
6872931
6869703
6859017
6524175
6840353
1040114
5689921
6790219
6868434
6871992
6871294
6871838
2929357
6866068
6868640
2301165
2116092
5197511
6868022
2735817
6855599
6869791
6869767
6869017
6868628
973586
5037956
6853211
6864610
6867487
6867111
6867457
6863658
6867174
6865600
5712802
6865285
6864467
2083380
2083798
2465821
2094093
5478168
6861613
6848220
6860559
2435863
6863915
2608472
2627418
5075680
6863597
6859578
6852913
6848077
6789612
6854412
6733960
4598231
6862078
6845635
6859598
5787128
6659642
4552390
5715035
6860235
6860574
6860893
3126043
