5122823
6978911
2445077
6608480
2552224
6469224
1404864
5197609
6960050
6939024
6976069
6976069
5410632
6975463
2623580
6953585
6949564
6970684
2944012
6834966
6941327
6957682
6828182
5479479
2880031
6952492
6949074
6928749
2978751
2452061
6948810
1001407
2454599
5477012
2430575
6789018
6856044
2862192
6798736
2885373
6926081
1863130
6795472
6941242
6895589
2360793
6901297
6935499
5641330
5694751
5063193
5757465
6906257
6912537
6469223
3102610
6921237
6880350
6617348
6765839
6884267
5796589
6905825
1155504
6880156
1113523
6897071
5807918
1111071
4630696
6860474
1412981
1754995
5055293
5186727
6760041
6647706
5809180
1108111
6842272
1055957
6855989
6868401
6706043
5376290
6836356
6863739
5608092
2456909
5896791
1807119
6842986
2442556
6836829
6853248
5375750
6853489
6824038
6839115
5865445
6844296
3710502
1276634
6842896
6843204
2654619
220068
2154710
6836288
6817088
220175
6832486
6784524
6805080
5886039
6774436
6490254
6824858
5641088
6772377
6776220
3209683
6794711
6824207
6777834
1108051
6777678
6818920
6816269
6727944
6784214
6788779
6808389
5903854
1626169
6807781
6805310
6708925
1536669
6761536
2405986
5607668
6769107
6754919
6763225
6765080
6784409
5250858
5675487
6791463
6788882
6789556
6777531
6788511
5229134
4747477
1597661
6750821
5070031
3732875
1271552
6455330
1816375
6772151
2700478
3659292
4842619
3077406
3126055
2752245
1620336
1162062
4434209
1362291
5798070
6756842
6754993
6735790
6747176
6753234
6669071
6753090
6661293
1151365
6570830
6716418
6722946
6720335
6734992
6634433
5661171
2467431
6737728
6743207
6708839
1102859
4766317
5223836
6571822
3115374
2241681
4710178
5629020
3116949
6728853
2050011
1176572
6532446
2930609
220167
6718829
1978332
6640638
3100103
6403640
220052
5157968
1110337
5248354
5038157
6709926
6707445
1948182
1544120
6588792
6695444
6689708
220048
6676232
6667969
6610110
3594421
6472830
6651837
2078451
6678110
5883865
6679637
3073199
6669198
6619755
6661909
1200261
5134660
2338528
220060
6665049
6665622
3055367
5816167
4467102
6601272
6453988
5284214
6660459
1615588
6652858
6649878
2880177
6652186
3766650
6647205
6647323
6636929
2238852
6644707
3018530
6642262
6617662
6618117
2333299
1048559
6605735
6597650
1116049
6604543
6627758
1477021
6571160
6611982
1395297
5281587
6563974
2401982
6607042
6588829
5568382
6471863
6581498
6569899
1099620
6549077
6585013
6589997
6559742
2777733
6540012
6579052
6491063
6429241
5901887
4715423
6569933
5892955
1900910
6560728
6556628
6539811
3355591
1398598
6484491
6500743
6454188
6550469
6460253
6515018
5602233
4542672
4547722
6476041
6403929
5744703
6444125
6483426
5866032
5757050
6414358
6470437
5809941
6415325
6416518
220210
5455055
4835951
6423475
6424469
1382319
6449503
6460675
6469752
6469222
1118053
1939935
6452439
2539249
6459607
6455773
3208035
3709072
1400880
6442024
3700076
6427397
6441278
3753551
6440971
6441585
6436757
6434845
6399977
2279744
6429422
2786166
1484268
3343081
6424175
6429079
2798646
5659284
6408213
5836586
2060275
6409328
6414740
2196774
3611009
949534
6408702
6402022
6401080
1763393
5722680
6405514
965737
6401772
5904927
5900409
5895299
1424033
5904053
1107024
1189294
5681550
5898375
5882115
5871263
5897732
5880334
5890612
5895574
5891795
5894399
5799669
5870334
5868232
2848208
5884501
5189936
5886780
5620081
5884818
5752660
5885867
5878156
5877200
5870336
5880926
1160275
5881461
5879271
5876300
1335424
5874275
1357782
5870057
5702335
5854996
5870770
5866988
2823592
5861814
5859009
5857885
5857745
5844921
5731042
2560857
5855390
1342552
5844847
5843741
2589620
5456491
5831398
5831270
2808939
5752248
5785819
5786557
5732991
5736459
2097892
5716736
5819634
5776536
5813277
1811324
5760593
5783614
5799262
1961500
5798116
3143576
2431706
5607076
5783493
5765500
5767155
5785578
5778343
1799522
5767818
5690152
5763883
1482050
5000269
5755459
1030052
5758554
4527913
5726101
1941348
5754735
4814402
5745299
5741506
5739651
2430064
2500695
5739277
5727958
5737608
1477987
5727744
5700302
5732070
5729264
5725837
5722882
5724768
5723148
