940348
6975340
2312299
6503799
941688
941248
6964860
2601374
6972596
257489
6974156
6974156
6610071
6959192
3436692
5309049
5309049
5394947
5886180
5473706
6934646
948137
946734
948512
946706
933442
6944697
933271
6935070
6941440
947174
6849120
1877369
6931181
6906557
6905726
6930090
6930090
2465544
6405113
6415952
1062895
6796243
6818376
6912010
6906683
6828547
6724826
6513391
1617230
1042352
257863
6901975
951086
5553767
257493
257806
6899745
4575456
948856
933451
6647878
941573
1042420
6807599
937674
6883009
6873606
3302678
2353142
6868557
6859143
1041595
6567331
6863315
3641919
1045411
2365379
6813807
6618447
4712335
5405131
6833656
5619197
6818540
6791564
6818522
1978306
6813280
6818569
6818569
6715317
6806194
6809104
6804754
543884
5662267
5662267
6796593
5749039
6796255
6795110
6783718
6779879
258048
5577912
6765099
6753266
6751718
6433644
6730737
6710746
6742249
6742552
6464579
947195
6737894
6604278
544038
2970938
6722476
5667804
5858867
6708777
1635710
6717195
6556303
6694516
6707567
6705020
5849943
6693086
6672840
4775054
5784551
4763916
6680497
5568060
6673158
6673021
5431728
1202959
6664581
5764044
6601769
937392
5441360
6468704
6629376
4972541
6572816
6614011
6549961
6594166
3227115
2192578
6595491
2787719
6587720
6581615
1041843
6554031
6534931
6531956
6548788
6548043
6447798
6549194
6542572
257755
6527453
6484512
6490256
6490256
5859486
5827775
5841994
5849201
6472172
6490237
5719473
257726
5881269
6457686
224669
1042110
6441209
5707849
6416396
6416434
2269812
5846616
5444036
5817540
6401907
6413678
6413678
5871901
1163251
5797285
5870343
1297053
6402867
6401906
5863294
5899949
5897500
4661847
5878865
1049001
2856734
5848580
4764117
1096042
4807098
5834523
5818579
5826602
5768827
3146592
5541345
5491794
2355932
1246452
1049180
1103883
5097514
5754250
257416
5720575
5745419
5745419
5733159
5705699
5727145
5696958
5696097
5715270
5713682
5709884
5395596
5678207
940197
5462707
1041306
5646701
1042478
1045584
5535195
2324918
5603165
5631335
5628774
5628773
5620489
5331640
5602878
5597166
5520390
5591313
5571047
5575896
5479126
5365086
5365086
5545904
5526562
5502870
543905
3005357
5493247
5483828
5461186
543821
5458290
2270211
3299897
1049896
5328570
1057245
5407971
5388542
5372108
5364264
5366568
5349255
5362279
5341630
5351531
5356009
5343549
5343571
2310117
5299650
5330241
5330241
2958519
2726021
5312269
5306532
5294651
5292980
5285261
1041282
1042851
2565650
1041539
2194270
5178140
5184725
4768019
1065954
3146047
1045829
543761
5046093
2626833
3623102
4763663
4761609
2862367
4746059
1045680
1041827
4636408
4602482
4637900
4635716
543918
4576637
1044355
4563338
1044854
4594846
4585011
3648731
4547068
1043446
4534896
1042060
1044837
1042125
2192620
257352
2946224
3224376
4439216
949846
3648090
4413166
3745093
3679862
3715529
3687096
1041367
2891801
3663607
3658421
3657472
257372
2057591
3192848
3241258
936161
3577218
3031159
3031159
1998626
3229110
2685294
945696
3428568
3374340
3356359
3349573
3367837
3337255
3369555
3384020
3341235
3291178
1445152
933245
3248062
3301932
3212133
3267872
3168998
3268675
3235000
3261264
3260792
3247775
257393
3247787
3222391
543864
1996490
2195339
960683
3032442
946749
3159220
3058001
3138630
3139649
3113094
3032087
3018637
2928954
3035177
2857458
3018170
3020783
3007632
2978859
2937962
2738027
2896055
2883730
2648179
2742917
1041337
2424072
2594548
543886
2713670
2589258
2596908
1041368
2693936
2681853
2668684
2609376
2589513
2576229
2569991
2543379
2544212
2499486
2417042
2162235
2448120
2443800
1042961
1048003
2382703
2339985
2278915
2320172
1041750
543867
1048457
2268911
543922
258479
2250782
2251139
2247926
1043862
2244437
1678218
257842
1050127
1135600
1042395
1765039
1043114
2131954
2185319
1045203
2160203
1216947
2168292
2092871
543853
2079485
2053900
1999073
1359690
1904354
1667058
1860885
1042353
1043996
1760096
1042981
1521949
1638246
1034301
258401
1044484
941673
1045413
933399
543830
1291566
1042047
1009790
933485
543742
1062570
1158458
1153517
1044838
1050408
938029
1074283
1050849
1050101
949096
