6974977
1004245
5529741
990538
6969918
6933899
2954634
1016581
1830008
1032233
987182
6534591
6485936
6778480
2633506
995953
1014197
5859068
2887337
6708994
1960257
988699
1408854
6878111
6882193
5216859
6868098
6868098
6858172
6846238
6805755
2395446
4654360
5079233
6422503
1033405
995698
5525750
5577223
6789228
2393302
2108776
1472897
1000378
5392541
6582003
6736949
6618856
1291669
6400283
6671140
1061656
1006896
6656743
2987383
6626544
989012
6584652
6611926
6608076
1016891
6508359
1933311
1812359
5234328
5334631
2689056
6539092
994904
3708706
6412972
6412972
5844281
6401519
6401519
3172088
990859
3153788
1044438
5801033
5781285
3140540
5371656
4836404
5729000
5571711
5555701
3596362
5402191
3241525
3041436
3191884
5530989
1953376
2976251
5437764
988244
5428336
5391984
2293839
1777881
5352260
4540427
989595
993348
5182062
1416226
4591755
2178843
2982028
5062510
4733200
4832676
2276137
4829955
1048801
2545910
4551000
4743090
4652671
4654518
3357760
4541777
3729140
4603710
3047921
4404996
4494817
998622
4477772
989552
1013867
1623779
987452
1579015
2121741
1781951
2294814
2551253
2642287
2648428
1433779
1004261
4398007
3655199
3412214
3593978
2649381
3182947
3305309
3633799
992492
3602277
1026612
3411097
996224
994808
3355010
997751
3258377
2688176
987522
3271377
3209801
1181536
3194604
993391
2110096
3174998
3075042
2326698
3145017
3143000
3115809
3020459
3021062
3005626
2957821
1439839
2616157
2652733
992145
2443416
2449316
995851
2491384
2506615
2467094
2501826
2345652
2330877
2316142
2242367
2289417
2286700
2220947
2211415
2194735
995382
986961
1222014
2042890
2121695
1980131
1911484
1824398
994682
1455263
1558860
1316246
1018464
992583
1072024
992207
1135877
1097295
999351
1030634
1050900
1049412
1047338
1048413
1032988
1000482
1030257
1049313
1042936
987891
987363
1031372
1031221
1028426
1004448
1001461
1002633
1005329
1002456
1001964
1005687
1007297
1012943
1014120
1025899
993973
1026183
1026669
1027487
1027933
1026220
989778
1026273
1026154
1008395
1006448
1006664
1009233
1009389
1023813
1023868
993430
992346
994192
996010
995226
995579
992410
992570
991955
992117
990228
990277
989273
989874
986980
989081
988650
988212
987779
51543
