5604058
985282
5535048
5135407
6974953
2144697
6973032
6973032
6958749
5407342
2140639
246718
5466254
213214
6633507
5200467
5148689
6918912
2144169
4563661
2133433
6860262
2127719
2143448
944630
6843330
6812609
2141312
5258017
213066
1051142
2123492
1050892
2132704
2129971
6843384
1597434
2130193
6792099
2126446
5330821
1050262
2133517
6731384
6789400
2139537
2135139
6720592
2139928
5453340
2132745
213069
2452134
6780422
1446801
2148668
6745320
2150069
2207165
2156584
2218363
2211697
2217064
4536203
3745536
2127408
5625146
5616963
6610493
6447374
2223056
2222621
2135624
2156783
2135196
4485775
6705452
6705867
6707010
2126097
5665848
6677305
5796345
5570703
2128295
5458967
6503076
6467404
6676442
6664627
6666426
6632232
6573193
6529487
6628788
6680724
6442130
6639416
6656917
1677367
1535807
5382820
1676950
5340145
4468353
5845681
6405551
6506790
6575874
5132862
5880129
6570775
6524402
5478511
213237
6466741
5881517
6439152
6507572
5377616
942932
2134381
5809034
6413903
5551430
5741097
5899768
6400274
5886057
5515472
5592883
5847775
1724953
2136501
2150135
6403888
2426993
2209117
999168
5719177
996073
5861414
5853931
5890879
5852254
5866003
2137599
5845826
5853875
5853875
5633927
5828148
213277
5776090
5761242
5752135
5783380
5789311
5800548
5816214
5831799
5785607
2141151
4451704
5368870
5592425
5796339
5796541
5775311
1656533
2130529
2127927
5667942
5737501
1051065
5723740
5735240
5731384
5748529
5766172
2149026
5296982
5675663
5675534
5688681
5217385
5750745
5375988
4820327
5729258
5704380
5704380
5731017
5735507
5735507
5708650
2274280
5719162
5721120
5717542
5714565
5696881
213022
5709055
5660032
5710097
5709284
5704568
2156903
5537671
5699332
5698190
973936
5696178
5609275
5695457
5698334
5682644
5696231
5696219
5697237
5695970
5692037
5690547
3658471
5692824
5690346
5679750
5673337
1050705
2142658
5688406
5688406
5684889
5686180
5344876
5687389
5687611
5684250
5660670
5683831
5683736
5418040
2126885
5553567
5682220
5676420
5636687
5679956
3600802
5586098
5674342
5412045
5676930
5674445
5675913
5499129
5671860
5383178
5551390
5673669
5672012
5672615
5672128
5661537
5034659
4462010
5663298
5567322
5595954
2352005
5669573
5667952
5614968
5650817
5667285
5667951
5663001
5620482
5663636
5665093
5663054
5663353
5664640
5619495
2281298
2135017
2127575
5639284
5662251
966356
5540622
5661781
5656279
5659320
5655754
5660452
5652425
213218
1051040
5656325
5653817
5653750
5654072
5654171
2133533
965967
5650461
2138915
5650961
5643345
5335621
5183626
5648628
2283599
3581710
5648837
5613157
5526416
5645651
5080295
5437447
5644420
5643403
5644683
5642308
5644171
5639378
5642244
5587352
2143283
5630576
5639241
5593454
5470890
2141676
5626964
5628313
5565270
5515778
5632802
5629146
5570920
5616751
5625895
5624350
5626360
5628359
5628672
5580943
5627234
5626119
2261405
5619744
5622261
5625369
2127114
5145756
5621948
5363191
5352953
5621026
5406462
5619626
5619187
5620133
964033
5613211
5615735
5614801
5568012
5455795
5617916
5617369
5616830
5615397
5354595
5607752
5615446
5550702
5613945
213181
5614514
5346331
5612905
5613107
5613140
5613555
5537261
5611756
5609689
5606567
5599706
5598833
5607634
5603649
5607108
5593885
5611094
5605766
5593457
5595137
5600000
5597695
5601122
5601479
5603209
5606071
5606078
5606884
5605653
5604324
5597362
2166568
5598740
5594670
5602555
5570278
5407260
5599240
5592479
5596454
5587282
4792254
5574842
5593519
5555551
5592057
4747687
5591213
5590298
5591285
5430836
955066
5571747
5589767
5589216
5589262
5583256
5579975
5580777
5585253
5586258
2150753
2197148
5587312
5579757
5563437
5586967
5583425
5587010
5397696
5584130
5585617
5583044
5563992
5583228
5570643
5560856
5579767
5579767
5577038
5579010
5575744
5573515
5574190
5571398
5571725
5574343
5575081
5569693
5571091
5563755
5569682
5573476
5572474
5570441
5568941
5568987
5263099
5570633
5569416
5569284
5565786
5569132
5559771
5568947
5370361
5569900
5568239
5570108
5518687
5533651
5503222
5568164
5566178
5553138
5563124
5567137
5565801
5563625
5562360
5564387
5560501
5562048
5547273
