6955445
1044455
3239157
6883143
6873406
5571791
3278293
5563136
1044035
4812455
3306536
4803379
1046409
6689997
6404269
2694191
2603985
6504791
2491917
5704893
5649277
3743363
4504266
5301100
5382631
5345341
5334057
5280198
3443238
5094810
3333051
2429342
1046459
4630461
3098582
4630472
3250671
4494493
3685249
3602418
3653695
3682120
1031753
2614483
2981283
2994060
2966169
3441773
3177769
2299248
1906066
2624843
3278257
2707562
3336266
3294737
1051054
3248511
3246706
3238074
3190212
3081417
3117343
3069319
2992311
1039635
2850702
2863876
1785821
1030240
2810525
1890983
2699264
2434886
2434351
2670724
2596258
2586665
2264440
1045248
2507533
2450365
2416571
2357245
2214335
1045528
1900071
2057443
1887946
1078020
1036736
1046987
1030926
1044669
1046598
1045062
1045208
1045290
1046627
1046035
1045209
1044867
1038233
1039209
1044222
1044374
1044297
1043997
1042802
1039874
1035401
1034923
1032113
1030622
1030175
