6972536
1863932
1218956
6975807
248590
6968078
6901250
6921144
1215971
4826841
1356091
1076303
1872776
6974372
2286503
1060499
1589150
2302921
5572290
6965319
6961549
1540452
1450824
1876590
1002902
1185475
6963955
1590822
1187459
6953563
1422120
5107488
1242428
6944876
6943665
6946934
6946869
6945634
6947957
1835906
986283
6862326
4426049
1810086
2140775
1839130
1151176
252110
1834100
6944482
1889899
4504847
3374457
6937676
6940176
6932061
6923335
6915610
6927799
6931464
6931683
1472387
5158972
1137434
992689
1242184
1281259
6920761
6900419
1685308
6822182
6904388
2425519
950997
2006283
1077112
1180510
5413871
2139415
6901111
6904216
1168393
1340507
6898049
6887743
1021945
5726764
6890938
6890450
5426577
6863477
1188642
6879291
6881147
2331157
6881210
1135804
6863218
6862481
1818170
1034006
1368700
2112480
1775146
2390521
1563072
1154216
2551530
5349553
6807914
1532022
1742592
6849617
2849870
3706142
1108268
3070657
2301845
4657289
6852956
1155040
1243908
1671932
6843254
4723808
6548797
6839668
6846374
6846237
6844758
6847150
1159385
6590717
1681815
1812290
248712
6827763
5202187
5078487
5848490
6764420
6823907
6826472
6826472
6797335
6803548
6811644
6819868
1215968
6807400
6782798
1322292
1127129
6788421
6486222
6796043
6802979
6796672
6788413
1913500
6676038
1253050
5058411
6674439
6730124
6773320
1242254
6561311
6748982
6668189
6753771
2718186
6694749
6741759
6738317
6732946
6653870
248849
6689783
2350153
6737228
5373713
6737604
6737338
6731538
1242204
6719022
6660988
6715942
6521493
6704181
2052375
5866123
6402834
6687504
1955192
1191991
249428
6485342
6684777
6684866
1098962
6684768
6683690
1594079
6677304
1157708
1157847
6657209
6524662
6658714
1667146
2178504
6658535
6654042
6654045
6542964
1170123
5619089
6644430
6544792
1652608
1885080
3650276
2176436
5765170
4407137
6420563
6626565
3324788
6619366
1241779
2550400
1664892
1892349
6602749
6593505
6595091
6523947
6528044
6579303
6495558
6587084
6582461
6582461
6572319
2013841
6563953
5899212
6433652
6561275
5415120
1242137
1243431
6552269
6503400
964880
4595506
6540728
2107982
1868230
4795992
2059626
6534723
6528585
6497352
6522156
4541307
1071220
1678930
5244822
1406003
251027
1256657
6501683
1241453
248766
6488166
6484781
6473149
223931
1560845
6470938
248587
1225640
2188250
1487053
2157071
6458863
6418697
6421878
6430030
6410270
1787757
2135900
1437505
1375029
5892008
1188770
5893714
5891710
5886407
2140932
5886849
5886389
960874
5882542
5879976
5879750
5861940
5878892
247191
1949981
1587144
5611741
3134859
5854482
5853708
5853011
1778979
1617929
5192522
5829785
5840974
5836112
248644
5835057
2986054
5839029
5717693
2235473
1240757
2358497
1084990
5808736
1951110
4653327
5775186
5807493
5784466
5801701
5782245
5785901
5784412
5777395
5781843
5768622
2018995
248738
5749046
5575241
5416753
1160367
5580038
2289923
5741248
250220
5487852
2416549
5740362
5738934
5734999
5736790
5723858
5596384
5731409
1311303
5645187
5664876
2061986
5709838
5423925
1926991
5707568
5699537
5685194
5685199
5685214
5696462
5691849
5627486
5661086
5680062
5678923
1914417
5663250
1887089
5657309
5656826
5619693
5619377
5651450
5163710
5624787
5601245
1807679
248633
5611331
5601557
5587901
1808005
5604557
1801288
1299499
5225527
5600188
5597351
5594985
5595557
1053021
5586646
1896642
5479653
5569921
5569199
5568594
5559764
3704227
5555052
5541059
5413270
5541782
5534061
5487758
5501629
5270520
5500578
2221022
2277191
5407912
5505041
5487250
5396710
5481832
5489575
3425934
2048826
5453693
5438289
5458747
1831567
5459324
5424946
1774650
1155246
5388183
4657230
5413218
2031821
248744
248693
5402481
5401711
5400417
5085105
1394001
5396037
5080670
5346334
5391259
248596
1952716
204448
5375240
5349299
5368694
1265300
1103037
1323733
4402979
2285014
1946512
2296308
1452070
2449569
1182445
5339506
5352324
5333121
5277025
5286571
5291543
5296383
5327250
5315184
5325471
1826235
1084443
2044075
1471867
5321599
1240613
5270631
5297921
1692988
5236927
5274422
5253622
5300899
1980138
1645413
5175743
