6978474
1873999
6979164
6975267
5564588
5146028
2766542
6866156
6877096
1833943
6965242
5184762
5248595
6962671
1356085
3075556
2489252
6945327
6952535
6952630
1678681
2117087
6949208
5576151
6937585
6947643
5571315
6933419
5875250
6936164
6918466
6931615
6924857
6928679
6924623
5152392
6877440
5471179
5515882
6920052
5103222
6921745
4787464
972086
6919079
6568055
6917913
6911002
6901557
6912604
6902031
3752308
6910326
3257110
1995628
1160021
6803479
6860927
6847338
6871725
6861163
6870927
6892575
5124911
6884128
4500087
5246996
4801334
1719570
6720372
6858942
2554740
6862828
6848646
5585140
5367321
2229011
6838766
6826597
6844590
2449130
221937
3145062
6828824
6656989
2526335
6836216
6822464
2420260
6823120
221947
6816686
1491173
983630
1544606
6803230
6802545
5514990
6807416
5874568
6798032
6801394
6803111
2599845
5636471
3627795
6764329
6638237
6780912
5120105
5221126
6780670
5413169
6778481
6780289
3187148
2661327
1001623
6768501
6770846
6770357
6771504
6767084
6761484
6673327
3189450
6759834
221897
5830057
6721395
6745480
6743520
6742397
6743478
2117721
1497070
6738690
5546691
5827993
6716351
1262632
6738255
6738255
6709434
1061659
5883544
6715628
2685306
6603049
6701333
6689677
6680362
5685571
6635626
6660401
4448098
6681521
6696838
6670752
6664601
6561280
6595025
6671414
6671007
6663456
2362717
4854158
4665369
5086742
4619072
6656886
6648836
6654085
6569627
1643964
6648297
5566105
5651046
6640177
6636928
3083243
6630394
6636677
6625081
6629445
6626718
6563406
5378405
6622144
6608176
3672632
2284527
3444586
6596200
6587931
2464883
2372073
6584392
6557183
5165325
6553284
6541074
5408656
6550943
6552663
6550873
6527434
6513985
6505278
4717889
5098920
5904904
6460926
2645921
2397508
6504709
5640759
2715977
6504011
6479454
6420271
6483240
3678893
5870786
5498083
5660933
6472870
3126075
5830032
6426829
6432033
6438725
6431744
6431044
4816382
6431249
2285465
3677251
1949930
6423882
6415145
6409922
3410689
3246808
6411456
221981
6409758
5146498
1712621
5902441
5900047
5759114
6402636
5883602
5897706
5892799
1802585
5880824
5875925
5879688
2334026
5855562
5857393
5857516
5773768
2092413
3757030
5856114
5853140
5621608
5816861
5838504
1700476
5817087
5807552
5814986
5818577
5832432
5825401
5814321
5825338
5590473
5786983
5744867
5809184
5433094
5797501
5764040
5796159
5588680
5764961
5235139
5781032
1884630
4620818
3230125
1398017
1650486
2389477
1037702
5762556
5695771
5760775
5762478
5759879
5758558
4454029
5745491
5741608
5755069
5757456
5756700
5754663
5737884
5744694
5751779
4842870
5747782
5745778
5743618
3733027
1821313
5741880
5447344
5734491
4573370
5688376
5325946
5722520
5725372
5709777
5302680
5705282
5700470
5705113
5558281
5699591
5682264
5688449
5696592
4725979
5692171
5691238
3720443
5026893
5269700
5683281
5679703
2229786
5675021
5670424
5671036
5673160
5666102
5662531
5667076
5661981
3071126
5662380
5474440
5636196
5645223
5627864
3442049
5620147
5649118
5586300
5646714
5649487
5641794
5642881
5643427
5642813
5642064
5636718
5636597
5628218
5633758
1972888
5622435
5632083
5631378
5574160
5613429
1596105
5616444
5611564
5606988
5599956
5597602
5536617
5595370
5591750
5429640
5588342
2142827
5586507
4563440
5584343
4770441
5583209
5582286
5579675
5575408
5562195
5486445
5296434
4796556
5539589
5554492
3148357
5252171
5549682
221886
5543017
5541130
5539335
5533939
5527161
5513400
5529470
2406911
4519964
5524378
1353342
5509887
3585529
5504373
5485227
5289716
5492946
2486320
5491659
5486771
5480170
5477018
5446525
5459438
5469539
5428959
5368485
5269895
5458965
2905088
1933102
5279081
5297238
5342839
5352875
5372523
5407624
5438034
5446228
5461591
5433373
5453358
5445172
1495699
5433458
5421988
4810184
4844939
5386565
5365136
5373373
5386785
5286014
5309476
5343899
5399351
222005
5194980
5382511
5374691
5152880
3452030
5326360
3389938
5347051
5176170
5352619
5343243
3252725
3741866
3345651
5341657
5319058
5336304
5333909
5335217
5325699
1625863
5300115
5299971
5036746
5297531
5305033
5310175
5305029
3418143
5307297
