238476
6978035
6978562
6974101
6972650
3140733
3164439
248293
6978358
6977673
3364047
1093371
2603851
2930981
209249
6969611
209367
1851867
2933486
6971972
209483
1351821
2043567
2964706
209527
5289255
5232268
209237
209424
6974275
6922457
6945180
209080
6969891
1690507
6971194
6974361
6974361
6651263
4610791
5806656
6963450
6405489
6965447
6965453
952546
6968238
3146076
6970659
1163752
209452
209410
6968769
6716202
2673936
224684
2227425
6964722
6924768
6942198
2808319
6717332
6967527
3062045
6509807
6963408
1976848
6953359
6962367
6590899
6955281
1741490
236478
5185600
6960111
6963376
6959482
6954375
6959342
6952933
6961021
2406338
4794497
6962606
6948919
6938326
6951836
6948863
2890176
6959339
6948931
6949016
6773983
6951884
2350419
2721735
1976547
6950711
6956501
6952508
6772366
6946345
6949121
6465346
6949405
2080102
6954706
2907882
6956983
5724186
1100963
4419626
6945011
6944280
5150578
5717755
5619270
2451853
2981587
2077121
6925219
6925296
6949476
6932804
6941913
6946269
2324410
2173100
5135737
6938914
6947229
1869808
1874316
4862926
986900
6933061
6947452
6943405
3209303
6935183
6943540
3733184
3054476
6427342
6935151
6942247
2701078
5181308
6946029
6946768
1833748
1092689
6940935
6946510
6927110
5870008
6767802
1249709
5753335
2679874
2860257
3053372
5758674
6742736
2237911
6910830
6732235
4499589
5757956
6934541
6935388
6942527
6943529
1675585
2344990
6923655
5653192
2318887
6941301
6672515
1841857
6939830
4582556
2663926
6887476
3622470
1729357
6779051
6911164
1761159
6940583
6931135
3409871
6489646
230288
2616230
5405061
6917023
6930575
6934116
6937076
1581916
6919029
5409959
5772626
6778538
241215
3237774
3311508
1160338
1390637
5784511
6761129
6853108
6910050
3590767
6401704
6847809
6927262
6925841
6926614
6927015
6921724
6918459
6919190
6930327
1094900
6929060
2415819
5512100
5884902
6924613
6817271
6909135
6919306
6919473
5378455
6923123
3757694
6725635
1387475
1536836
6917406
6909086
6911940
6911129
6917527
5976860
6912686
4452872
2965767
6915948
6919482
6914383
6913661
6914721
5859405
1210101
5111752
1092088
1149584
234876
6911339
6916826
6915109
6914194
6914490
2092829
6913801
6910029
6902682
1741031
6910936
2434138
6906840
6913120
2811782
6887226
6906068
6775476
6870107
3337963
1086282
5136732
6908298
5451043
2658357
5801490
6893119
6888072
6901990
6901600
6906371
6902976
6906773
6854054
5857964
5819499
6909073
6900965
1291744
6460277
6513226
6859264
1047619
5006139
5575777
6906239
6752930
6688981
6906477
229847
3642272
6891878
975990
6901678
2757265
6901556
1930312
6801314
6681856
1457790
6898008
3444880
6890551
6838927
5343731
4824465
2255503
6892146
6897812
6900756
6898911
4424310
6900724
6900724
3344297
6769360
1217808
3130786
6484458
5597614
5695197
2568784
6897492
6895133
6897001
6878652
2585893
242830
957663
6896628
6879572
6895716
6886472
6890715
6882886
6887528
6515188
6891274
6854453
6889566
6731181
1257094
2579345
3665628
5229801
6578360
6872496
6889444
988852
5769315
6783840
6487192
5109629
6500202
6888478
6878641
5205869
6813250
5613113
6873240
1013478
6883011
6877286
6880096
6885371
209412
6543694
2103745
4641215
224833
6635660
6870843
6879008
2492895
4696975
6870226
1593927
5133212
1342722
5210101
5520809
1088434
6870070
4839557
5343756
5670294
6460011
6870858
6872145
6870403
5475106
6866997
1433153
6868131
6873020
6874916
6871176
6866217
1607726
1055209
2104236
3748802
6635575
6870117
6689725
6869301
6869353
6866132
6869047
6865715
6868122
6861580
6423008
2857351
6465345
6866216
6863529
2075754
6861433
6866109
6865984
6849441
6858278
6767192
6846521
3025129
6865906
6863250
6859229
6865254
6857716
2419577
4808147
6863555
6862921
6847601
2121187
6855993
4598168
6845349
6843793
2195051
6841344
6770771
6852582
6862018
6854571
1445067
6847226
6831916
5515689
6856118
6738392
2080759
6847535
6079450
2079620
4996546
6504022
6844330
6685596
4464387
6844791
2257566
6845831
4490193
6849235
2246532
6851141
5317201
5431459
1117284
6824080
6650163
5583438
5623327
4848422
5164738
5220828
5236777
