4801720
6960232
6419104
6961242
1066020
5154651
5121812
6720010
3444335
6948196
1035081
5150418
6465107
5531297
6890351
1037835
6894803
6719348
6775615
4513725
6814143
6410460
3693438
6856877
2588074
6865595
1034595
6735537
6624898
6799376
6831846
4765286
6824490
6734035
3633848
4784144
6804625
1075812
6789183
6768553
2850398
2686455
1034596
5129286
2312669
6663727
2617751
1034530
6660205
6705123
6690886
4411747
6665337
6652357
6649746
2192470
6596368
6573801
6630790
2834022
6600682
6541144
6563595
4795097
6578859
6584832
6571210
1197643
6548979
6514083
5817721
5223293
6516970
6506874
6477130
4784897
3095601
6422130
5631665
3651133
2248516
6436739
5887555
2064119
5719568
2064808
3658355
5883271
5682157
5871895
5867011
5864525
5854510
5852318
2560511
4842744
5836472
5837339
5834934
5823944
5803712
5794465
5692301
3044667
5776073
5741443
5734836
5734655
5313484
5414436
2059151
5676213
5652479
1081920
4475069
5583859
5556832
5555056
5485819
5554137
5396045
5346836
5326453
1043998
5397193
2404926
4479758
1036459
1069504
1036991
5058395
2563736
2070523
1067960
1351684
2121901
1064481
1834625
1698227
5461600
5428128
5246536
5379718
5368356
5105116
5362604
1035745
5335436
1037052
1381099
5254540
3699264
5179188
5242498
5242498
5228935
5234463
5240606
5184941
5210031
5165716
5188747
5186864
3749517
5112276
5133876
5148297
5158774
5154480
5150042
5150645
4825999
5131367
5085297
5116665
5103189
1038776
5094710
5091302
2207566
5082948
3127857
5062612
5056190
5050379
2146107
5035400
4611835
4808158
4844098
4812020
4655685
4777105
4763298
4740279
4643691
4725861
4711410
4435583
4619242
1246612
4576429
3686579
1043508
4411054
3751526
4437333
1062688
3016663
2018638
1045737
3756585
3745140
3710880
3695371
3122714
3144297
3171963
1873655
1035317
3679978
3622723
2534512
1036552
3606609
1062451
3204547
3123650
1750224
3592526
3430259
3562550
3444211
1388662
3436049
2080511
2779854
3295408
2059905
3368137
3047659
3291413
1035835
1066593
3002747
3213817
3274092
3205849
1288449
3134518
3165291
2930905
2132402
2352350
2539038
2517741
2925967
2958383
3110893
2530080
1066226
2804769
3094056
2382759
3086748
3007796
3022386
2961743
2782583
2938557
2854162
2179333
2826338
2758227
2771837
2803539
2333038
1154723
2655108
2506466
2189718
2657490
2672053
1040249
2526402
1931973
1078027
2367022
2121022
2183820
2511887
1062267
1061182
1035945
2468172
2478266
2461574
2425039
1061102
2329402
1041032
2294774
1039924
2278230
2253000
2228424
2187835
2190768
2121290
2174069
2100365
2141960
2128542
1036461
1035601
2059861
2064072
2071640
2011886
2058487
1989983
2016386
1971393
1942067
1910491
1930647
1765024
1760374
1886309
1078320
1062133
1036656
1549891
1035548
1061923
1062586
1187765
1187790
1035469
1671032
1612104
1619762
1034531
1036654
1277607
1534575
1066010
1161882
1495853
1061284
1484007
1404648
1253461
1035400
1046444
1105509
1210100
1197579
1174532
1161875
1154725
1152464
1063039
1064887
1069866
1061577
1064491
1063873
1072210
1066278
1069794
1067585
1066857
1065909
1062620
1062198
1062118
1061441
1061373
1061154
1043879
1036191
1038760
1037492
1049436
1040271
1038117
1036231
1035703
1036284
1037403
1035547
1038250
1038085
1037851
1036348
1035845
1035732
1035648
1035424
1035255
1035203
1035175
1034478
961212
