1110937
2528957
2720812
6969923
6971976
6972297
6951876
6972049
5741819
5746708
6962460
6931877
4855922
3008193
1615031
6962441
6962441
6958860
2893554
6954986
2960794
6950912
6955503
6955444
6922964
211489
6944395
6952590
6952590
6591971
5150305
5155153
2447913
6943423
6945509
6945937
2629557
211452
5121744
6941939
2403605
2887888
256050
5673135
6943753
4849740
6941606
6920758
5827950
6878803
6813592
4857567
6940665
6932975
6939710
6938776
6933106
6920607
6920607
4762048
2568229
6931527
6930137
4768450
5668806
6888112
1551067
1172413
2700825
6538597
4783923
6919791
6905643
6890463
6897432
6908520
1692784
3658347
2974326
3086678
2678118
5857305
5852439
1159386
6475134
6903500
6899493
6898524
6886073
6888875
6894420
6897858
1082356
6654856
211484
1477173
6892385
4489206
4489206
6661540
3346001
2735672
6883140
6888992
6866100
6878325
3393750
1952452
6877800
6842902
6862709
6871695
6875821
5060875
3047564
6861809
6835807
6870174
6868691
6520764
6688503
6828592
2583248
6822836
5180001
6802531
6863824
2304118
6844405
6706580
6751362
1061034
5359725
1745593
6772686
6807727
2779920
3718613
5492452
6822810
2990620
1305751
1731798
2033383
2156520
6827046
6829437
6828861
6669437
6818547
6806740
6824253
6815697
3214863
6811889
6625301
6765927
6563644
6805320
6632909
5352160
6730144
6806900
6816109
5881332
6477081
4772621
6811870
6814745
6807115
6806162
2709065
3301955
5860828
5452782
4746000
992494
1730432
6812677
2655786
6784385
5897492
6810552
211503
3391895
1068034
5556677
3365070
1447621
6791632
2471795
6790735
6782832
6698756
6442733
6796204
6761851
2966623
2308655
2762814
2609771
4858563
5822104
6789324
5184182
6783717
5738801
6782583
6719775
2775585
5726226
6764673
6732091
1952549
6776420
6678414
2172969
6735899
6617596
3001191
5475223
6764733
6761366
6754915
2327210
1511272
4795659
4758615
6747964
6752555
6752447
4742957
6495781
1618624
6737417
1073724
6752378
6751646
6749500
6752875
6752425
6752412
6752341
6751497
6749680
1299218
6684725
6747018
6530991
6746749
6728072
6718405
1071075
2332978
6739587
5814499
211385
6739328
6553278
6615167
2129290
6736879
6727525
6728647
6722896
6726895
6722209
5375184
6720301
6715293
6707702
1135826
5278326
6633949
6715341
6711162
6702198
5217926
3041902
3317732
1177141
6713254
6699677
6710569
210915
6611991
6695133
6565576
5596209
6705965
6706426
6704112
6687283
2219068
6529613
6614196
6698410
2711415
1362801
6694776
1997978
2702802
1067359
1172420
6668197
6685423
2237375
2919978
1734221
4708167
6676063
6667341
1069543
3207378
6663777
6655345
6656096
2647780
6649988
6656982
6652242
3399378
6646386
6638797
2664148
4569905
2129490
4787792
6638691
6634551
6608147
2004445
6631443
6615598
6526777
5481386
6624326
6623596
6626213
6608704
6621854
6609489
1558506
6611001
4837210
1397564
4802481
6613536
6538785
6610765
6523906
1646008
6600268
2763560
6602392
6596798
6595260
6579710
6564326
4529491
5805482
6559832
3093722
6582105
3744177
6576457
1065451
6504590
6535764
6575718
5886144
6462878
5341872
1955015
6558600
6561105
6547946
6557210
3677314
1775431
2620178
6529550
1475166
6541599
6541585
4643958
6532458
6540929
6535483
6527535
6497284
6496113
2707793
1074104
6516265
6531205
6530696
1917822
2589487
6526680
6520286
6494294
3433180
1512679
2331412
6516295
5231052
6520890
6509483
6514326
6513235
6473025
6507305
5849255
5440352
6510262
5897835
6506611
5755186
6507518
5889620
6505575
6503468
6484807
5851244
6494539
5723425
6491710
5838235
4695918
5315008
5696004
6492841
6494124
6474634
6488937
6482340
6485667
5126936
5707860
6482678
2424447
4759118
6438144
6462773
1542649
5363806
6460363
5408362
6468115
6460565
1166778
6461289
6451645
6417463
1109194
6448436
6446898
6431466
6433063
6439086
6429364
2975847
5881766
6429359
6423329
5675659
6401339
6406447
4831080
6419524
6417347
6407182
6414450
6413573
1759919
6407466
5609722
6410556
5786158
2533152
6400359
5834103
5809432
5478960
5582818
5844101
5845527
5873918
5900235
5900045
5904014
3439597
5893525
2300812
5893613
5879848
1343913
5886962
2422831
5883975
5792192
5665995
5879764
