6813505
6772167
5238892
1816404
4838277
5795985
6918586
955269
6937680
2828750
6825386
6561553
6935990
961706
4642445
5505947
6909040
6889194
6621954
3077112
5848690
961722
6415275
6896131
6876920
6888254
6889223
2456058
6583369
4816291
1547672
6483713
3406151
5832458
1320771
6879921
6856091
6854989
6873146
6482520
6834718
1285651
6747275
6727717
5212852
6846150
6813487
1048663
6845421
2669551
5527551
6810551
4831955
6810673
953789
6800536
5582293
6459757
6716633
4817009
6676784
6725639
6762178
6751994
3241952
3256959
5120398
6608943
962549
1538864
6742825
5112336
5694390
4444306
954590
6728332
1117904
6708031
6677298
2482352
6652159
5478234
5470259
5357583
6656282
6668284
6433563
6611807
3043613
6652974
6533901
6632375
6638406
6614062
1562989
5627453
3668297
959231
3248300
6607789
5532258
3208685
2790500
4547879
1049774
5459653
3252887
6558012
6544535
6493733
6528832
6522705
6522590
6496413
6474800
3298308
6462021
6449478
4718025
5755249
6442023
6433510
5609239
5892290
6405860
5829545
5336814
6403715
5846492
5885192
5836994
5510777
5833578
5851445
4784820
5835912
5808710
5800613
3299012
957705
5794194
958545
962466
3207916
5783304
5783304
5746612
4510201
5733341
5729613
3136825
956392
5469199
5702393
966746
5546496
5365144
5379974
5397824
5541815
5551932
5575151
1285188
954076
5572491
5569726
5398293
5450448
5532170
5478269
5463232
3256991
5450833
5435326
5383954
5404372
5400426
2650006
2741148
5233769
5373605
1613401
5190129
5312222
3272064
965720
1395701
5325619
1374808
4840586
5265968
5172071
5259435
5209139
5158720
5119434
5117043
5112932
5037591
5081020
2057434
958412
2731100
959401
2523018
4866986
985616
5047148
954117
1048227
4854923
4850110
4822758
4831983
3429813
3442319
4827952
1584503
4729565
4758957
4648097
4637606
4733374
4667451
3729301
4395219
959096
4594121
3272079
963416
4545375
972051
4452430
4465814
4439181
4425462
973729
1700788
3683738
3706773
3316690
3286709
3265343
3672095
3272050
3639005
3391205
3636050
3647288
3571231
2505445
2505458
3570891
3584688
2937416
2937416
2160061
3399382
3281103
3401344
3403153
3388988
3343791
3281096
2145731
2146163
975543
3139801
3252629
2989922
3286728
3286685
3046728
3276517
3265328
3265349
1711687
2270554
2692998
2811669
3250777
3256977
2435228
967447
963201
3248268
3248317
3142401
2274021
2878393
2142003
2287731
2364515
3108339
1110184
3011372
3034128
2188907
2647282
954631
2801715
2887493
2636649
2728670
2848212
2820481
2746206
961605
1509222
2683576
2688183
1753518
2669308
2586806
1518174
2391315
2459926
2555805
2374915
2422985
2444030
959619
2422437
2390371
2354469
2339524
2340330
2186442
2123564
2258294
2180626
967794
1321205
1284866
1398969
2181008
2150044
2127981
972170
2033460
2025276
955805
1395130
1758912
1758912
1285916
1472615
1518091
960897
963019
964426
1284870
1286231
1323213
957996
963926
978583
1044357
972448
967865
967171
982965
970632
969160
972372
970299
965240
965456
965870
963818
965173
961764
963803
963008
962480
961967
961751
961678
961627
961366
961171
960662
960677
960637
960556
959377
958230
959127
958856
957026
958564
958109
958086
957886
957922
957954
957852
957842
957747
957727
957561
957436
954351
957011
957050
957314
955365
956916
956813
956738
956712
956088
956535
956297
955736
955717
955439
954520
955130
955062
954976
954667
954397
954165
953937
934132
224771
