6979272
6979272
6978053
6967851
2442782
6962353
6972576
2051562
6819582
1558209
6969202
1344033
5434001
1099496
6963728
6963728
6940318
3614876
6570425
6940111
2981143
6955006
6941519
6939512
1246280
5314430
2984839
5089935
4411279
2897620
5379039
2892966
5583548
2937123
1841177
1285025
2960784
3382971
2960228
2434558
2644941
2686234
1147411
1344895
5335061
1952229
5229936
6935672
1261916
1251219
6940611
6889216
6885685
6426031
2299007
6855470
1383243
3609741
2084219
6831756
6703171
6842342
6861493
6915206
6916768
2666684
5376753
3299289
5611948
6898728
6890243
3362691
6903109
5478654
1249562
5733546
6871748
1245224
1343577
1081270
1286250
5426046
6726786
6651248
5719514
6893573
1075469
5596052
5730343
5840766
1075874
1388523
1307134
1028183
1625976
6882463
6882463
6879202
6468558
6880819
6880819
6859833
6867097
1292199
5513677
6514999
251610
2046958
1245825
2918285
5250661
6838861
6839657
6838213
6857820
2651855
6857120
1076181
1345054
6801943
6851774
1135950
6846514
6846514
1343563
1526389
5852713
6831070
5193614
4653263
2121173
6829663
2194630
5851398
6809018
2678049
5369932
6735519
1344477
1071919
1214876
6788954
6802704
4849637
1076950
5785048
4651700
6785696
1247940
6789127
2895579
1134914
1259608
1077538
1190136
5384881
5349042
6716968
6725218
1281831
6772239
6753691
1163348
1187485
5247335
5493522
6750619
2526895
1343494
6755623
6654976
1107933
6756980
6756430
5145061
5173635
4476402
2586389
3048337
252653
252288
6697362
4486497
1691821
6576712
5375130
5704451
2042606
2191552
2042865
1702346
2279434
2639913
6441347
1344702
5361274
2193239
3574568
6519449
4858407
6696017
6566994
6430025
936890
1469368
236357
6689745
6628745
1343394
6701460
1343361
1344751
2620120
5742101
6669901
6680244
6677585
6683705
1075934
1220906
6671525
252308
2081196
6602423
6630243
2866321
6649161
6481277
2098043
6531239
6567297
6648166
6641624
6533018
6627237
2774295
6636425
6507581
4529967
6516247
5714759
5560173
6621919
1078975
3289983
2122760
6613902
6523915
1611397
6610973
6611884
6542734
6582557
5719640
6512016
5783641
3227127
6600668
5793469
1078533
6596933
2555619
6589801
252603
6575864
6588698
6578663
5758749
5188680
6563195
6570330
1408999
6577542
6562574
6575983
6449320
1081662
6570367
3356639
6566419
6567393
1246993
6559819
6545146
3180825
6560896
6453419
3256714
6557790
6557790
6552874
2781994
2810684
3564809
1747713
6511320
6517304
5859872
2370541
6524869
6524217
6520716
6517459
1906612
6512838
3139238
6509293
6509293
6450611
6480630
6480100
5831992
6497164
6492620
1917086
5718904
1078485
6465694
2545575
6472198
2665008
5029560
6465184
6465184
5486101
5762150
5888551
252660
6462044
6462044
252743
6424968
4729056
2791303
6437584
1426118
6443594
6443594
6424253
1089015
5831572
252584
2697889
5454754
3721250
1072225
5621038
1180912
3376028
2298924
2784616
5790165
6400454
6334935
3448076
2226449
252499
3109974
5892577
5870044
5754257
2657572
5885306
252693
1433204
5606342
5858585
5874716
5844806
5867319
5872036
5827934
5774581
5863938
5734214
5757441
5856662
5850252
5852096
5852096
5849634
2905347
5835781
5843716
1987626
5684798
5803794
5815251
5823674
5796394
5788283
252270
5815338
252295
5281924
5790361
252617
5785203
1222342
5777871
5756696
5487032
5597995
5635753
5768479
5774919
5766702
5546380
2760250
5685443
5538883
5766568
1028095
2801628
5750720
5754793
5744627
2386216
1750229
1492587
1247802
1343148
5182377
2898375
2275958
2101582
1145424
3631167
3050717
1952499
1404728
5504387
5533624
5525403
2068321
1350235
2369032
5589416
5712477
5741203
1214222
5715819
5691933
5714090
5701880
5166641
5681292
5681291
5685084
5478926
5683734
2306998
1296510
5361725
5681731
5681374
1357299
5652030
5675153
5635526
5666168
5670751
252282
1245747
2093696
1345738
2565113
251628
2649972
2211914
1433329
2474563
5670517
1092827
1147012
1159042
1240560
5585583
5644849
5539057
3644696
5630643
5624632
1246813
5598510
5618612
5611749
5591699
2243071
5589446
5592252
5536671
5549557
5543305
5578211
1986708
5257699
5567130
1248644
5539343
5483989
3047987
2656776
2422603
5548570
1795327
2480752
5544979
5520074
5421249
5515028
