5246111
6979694
6979694
6979438
2350879
1305806
6978807
6978807
222739
6973490
2721624
3747615
5391607
2885081
6972231
6969933
3134922
2624990
6967704
6965000
6543747
6971640
6969382
3414614
6975035
2442137
4439168
1197934
1895515
6974432
6974432
6972823
5440187
6764141
3740977
6858595
6896462
1367433
6960596
6970024
6968740
2268325
2856890
6870520
3653009
6877218
6898297
6913847
6922575
6927854
6961159
6958746
6954537
6957921
2970186
3064757
2365004
2071339
6960313
6961623
2636503
2246367
2498797
2781164
2407941
2315878
2500365
2316737
2828238
2504018
2269836
5730248
3419094
6961563
6960793
2931222
6953794
2238688
5725818
6794078
6958560
3660730
6959111
6957708
2658440
2536429
5495175
5662181
6948194
6950047
6953095
207240
6950892
6953837
215487
1052693
6913806
2512889
5331815
6952287
6928873
1825535
3046698
3762449
988922
2887041
6944512
3757414
6930367
6584681
6936268
2375376
6920444
2712764
6944524
6940788
6916371
6890786
6861042
6942267
2119649
5036718
2229713
6918731
3646262
4420372
1185896
5061401
6910740
3358177
6934551
6736991
6933990
6935957
3063987
5166045
6797009
6918213
6936080
5571073
6918433
6620537
6886213
6923343
2708473
6923894
6887693
2518727
6920338
5248474
6915412
6929440
6928166
3029992
6918777
2313875
4729293
5684563
2067106
6920715
4506258
6912033
5046639
6923659
6443047
4440271
5779673
6826562
6917213
3012895
2215771
6908556
6915165
6916815
6427876
3276294
6908840
5113709
6915951
6787793
1168749
5375854
5383100
6910980
6908469
2802779
6848009
5804495
6907737
6897414
6901338
6902012
4492359
6493016
3299421
6901997
6907827
6875389
6906271
2296901
6899962
6900190
2630100
4440193
6896912
6904859
2752873
2020957
5228168
4470527
6901078
3055718
1969529
6900077
6899003
215667
6897549
5720975
2109111
6889788
2643273
6884826
5900704
6894602
6882663
2509330
6874952
2505895
6882602
6890493
3105664
5184821
3750419
4809068
6570621
5838053
6886477
3619690
6865211
6872247
6864269
2284160
5576694
6828985
6832160
6879322
6883211
6866348
6789239
6856967
6881481
6880295
2958429
6786723
1528786
6858158
6866764
5785006
6877429
5809980
2593722
6720988
6878411
6690765
5673481
6875651
6871437
6852487
6870201
6858765
6872113
1952755
6862554
1858114
5138130
2584557
6872016
6864389
6775556
5508592
5264223
6779390
1210265
3221461
6864868
6732373
3414643
6859616
6766232
6710137
6860986
4815854
4729072
3223361
4560642
1922459
6851310
5684389
1405287
6855896
2544795
6857612
2284282
6844280
1530668
5750987
1437211
3744490
6849147
6824974
6821929
3666237
6746660
6832042
2296335
3650993
6825763
6851031
4725371
6823394
3730717
1482288
6846220
6847911
3076916
6833004
1270067
6844609
5648590
6847367
5343869
6720259
6841753
6846340
6842234
1424265
6836670
6662135
2634674
5059046
6837634
6829130
2139340
6835286
6834529
5441107
6794850
6827244
6827926
4580461
6826803
6821038
6822096
6826322
3754392
6819126
6818986
6682595
6769151
6811550
6807285
6802976
3054734
6812103
6672027
3751033
2498089
1670725
6811434
6816016
3601159
6704525
2867049
6805504
6614742
6534055
6812728
6805815
6808437
6806965
1895503
6805802
2275057
3688368
6806702
3095986
1805398
5900012
6795350
6802322
6644593
6799929
6801273
4823180
6795823
6763050
5177844
5348388
6789930
6799064
215434
205876
6792879
6794939
6792880
6791395
1220719
6780864
6793283
6792625
6784952
6792078
5297575
6788713
6792159
6791633
6790495
6791326
6792226
6784732
6782647
6775405
5093841
6762230
6765952
6786992
2044311
6786416
6769847
219872
6732633
6780635
1136977
6774036
6785445
6783389
6784588
6784944
5790806
6781060
3271516
6781112
1656548
6776852
4848424
6656858
6757794
1300643
1474967
4999987
5718140
6778376
4702488
6777491
2732693
6628834
6774395
5820180
2263448
4404892
3717914
3636239
6771316
6774646
6774359
6773927
6774085
5674610
6593164
6766506
2077419
6773603
3031359
2139484
3733853
6770768
6768762
2513969
6760817
6749029
6768046
2495517
6755525
3680217
1511523
4796635
5865142
6755108
6756132
6756231
6740121
2492521
6761956
6759010
6759056
2603359
6753798
6713419
2293864
5334381
4831622
6745983
6750790
