6977902
6977987
6978332
6978434
6979481
6977804
6977355
5510338
6975444
5200900
1754202
6976891
6976494
6970544
6976716
6722691
2157484
6731958
2472243
6973361
6975325
6974766
6974627
5125470
6975054
1110238
6969697
6969408
6973969
5041456
2627679
6962299
5118773
5696056
3669373
2641230
6971158
6944751
6971717
6958121
6963690
6969525
6965857
6969352
6966533
6953964
6956778
6965932
6959986
6958474
6959845
6965104
6891808
6867078
6698331
4845201
2316999
6953085
5779595
6959639
5075274
2589076
6949740
2171464
6949254
2971284
5189101
6952121
5716537
6956284
5790138
5791281
1153574
6953162
6946332
247083
2376326
5878867
6941228
6945182
6946717
6950247
6943593
1728835
6899280
3432344
3394797
2090592
5316418
6944872
2759384
6926739
1002528
6472547
6921654
6736474
5779635
2242881
6941653
6938611
6938653
6935746
6939253
2890832
5358468
2453244
6736439
6935009
6931129
6935575
6931799
6937058
6922970
6931117
6934763
6932499
1021216
3100605
1144832
2449171
6931986
6933119
6932439
5786978
5661882
2878548
5662320
1243740
1253348
3669464
5871072
6924143
6924565
967321
5238185
4697773
6919364
6911115
6887928
4835437
6911236
5358820
5407118
4608964
2991948
4594575
6920963
6915696
6410989
6912327
1597122
6422110
6497173
2869981
3596874
6918837
6698703
2378955
6918649
3672964
5316034
6917319
6918533
6912287
6911382
6910619
6598692
6915567
6909913
6888620
1430804
6909365
6910655
6889142
6907578
6329852
221637
6906581
6880602
5745449
6892140
1221350
6898781
1095422
5860203
6703783
6846456
3712036
6796844
1219725
5673407
6451561
5865319
4586536
5460496
6424527
5421569
2276325
6891437
3708723
3693871
3314159
6876287
6887277
6885368
6750498
5831850
6881977
6795467
1146853
6886627
2887084
6823481
2133163
6807569
5664814
6882814
6882872
6871236
4655400
6877641
5720945
6877514
6855338
6879109
1369347
6878770
2365662
6877009
6853406
6737948
5589679
6875482
6876226
6869537
6872573
6873492
2076319
6868175
6868125
6854898
5637065
6871522
6871557
5795049
6870525
6846542
6866436
6867863
6867510
3683990
6865733
6867501
6864280
1576490
6864085
6864931
6719494
6860334
6852869
6848862
6812530
6846673
6736649
6768225
6858180
1393970
6852518
2202217
6848615
6466128
5605632
6808711
6849394
6846370
6847852
946732
5772279
3143437
6840100
6837784
1973035
5470090
6837878
6832501
6839643
1275284
5605688
5675007
6830285
2675280
6837507
1038892
6835148
6822937
6831560
3434735
5498611
6828491
6827265
6728648
1582641
6825636
6826334
6824370
6826431
6815514
6818414
5700158
5663631
5173449
2769330
6819567
6822726
5782141
5594741
3650767
6819016
6822251
6818186
1367361
6816417
3685715
5471010
5558655
5694877
3314311
1019675
6816954
1662199
6815502
5845457
6815355
6811178
6810409
4598167
6665187
2377310
1580600
5560068
4868710
1464298
1546194
2587970
6808836
2564680
6803613
1526306
1853523
6803682
2557610
1455873
6761880
6790054
6804841
6803662
3021465
6794238
1241987
6801462
5876794
6802092
6794892
6801005
6795970
6784954
6732364
3374961
6763979
1196500
1275318
6785283
6793972
6544743
3012165
6788814
6788360
6551711
6783102
6785537
2354071
6783939
3313336
6780616
6782809
5207385
1091066
6779196
6779551
6776659
6777370
2646524
6776264
6754429
6774958
6757388
5582752
3635748
6773156
1036733
6772395
6766701
6752804
5616039
6770413
6752560
6767404
6766351
3045584
6714238
5793158
6630089
6763576
6763495
6758495
6757368
6762529
6762918
6727258
6754332
6755191
5627496
6753199
6750434
6756773
5657508
6754904
6599733
5093222
5873413
5870202
6754360
6685718
6685926
6748178
6736026
6735210
6749769
6746586
6745492
6509130
6747222
6414802
6737278
6744684
6725294
6711973
6735601
6745371
6732001
6743877
5764736
1262359
6742315
6734034
6727899
6708360
221610
6717374
6717846
1509898
6723167
5844846
6735965
3750404
6728565
6733284
6733568
6593957
6731178
6731886
3094869
6727094
6730080
3088285
6728655
6718276
6726581
6726985
6424223
6725685
6716295
6724611
2852222
6724461
4466938
6715449
5558126
6690495
6712248
5393783
5586498
6715528
6668811
6716965
4446470
6715461
6716978
5352868
2931294
