6511437
1832586
255155
6978277
6977991
6977991
6970111
6965266
6977909
6977909
6976258
6975484
1626005
3110277
5479782
6969037
4647691
1172806
6969582
2963393
5033780
255242
1578331
3011726
2896629
2933388
3018318
2880183
3048417
2899856
6954865
6958322
6958322
2877983
1115083
948565
5852222
6945611
1826431
1834120
1624831
6927144
5239984
6926710
4400335
1840942
6729234
6899967
6832131
5130851
6896273
6922953
6901272
1931552
6922779
2913348
2768505
6738680
6607617
6903441
6905834
3563793
3191811
6914018
254857
6915664
6636960
6905824
6910115
6899699
543605
255513
6877056
6889105
255485
255239
4795807
6596623
6884315
6893793
6891162
1047197
3721526
6887715
3365402
949706
6882355
6876924
1233344
6868540
6849830
6869918
5523330
6853571
1583708
1036344
6839677
6816991
5157330
4788185
6846018
6808990
5799224
1485713
2307254
977262
6836152
6815053
6693955
6835234
2793386
6821562
6824027
2976157
6825965
5784949
1631281
6794360
254830
1326424
5560529
5816348
2658998
948718
6814495
6808371
1065191
3744670
6806579
6756318
5458307
254969
1645871
5892501
4663564
6489185
6719944
6787404
254783
6784350
6766835
1114378
2224994
5893025
4608117
6758115
6767818
6760575
6708595
6747506
6747375
6629962
2009753
1069144
6728262
6717767
2074990
1051104
1603237
6458787
6724925
2844996
6725089
6725089
6691999
6661728
2251714
6694339
6694552
1636181
2022147
6650705
5834262
6683191
3040073
5453068
2718080
6626525
6561698
6646677
6638967
6579648
2285804
1048870
6603683
6577874
4801105
3009678
1505720
5854596
3448239
6557555
6572433
5521389
5495168
2306933
6603540
1085263
6567897
6460278
6567872
6558549
6574220
5535622
6567919
6558559
5822371
6540734
3666314
3682218
6550403
4640069
6549958
1356526
6547755
6537134
6468769
6527757
6537135
5149634
6522908
6489569
3404915
2954808
6505188
6495301
6429365
6426874
5729138
6412152
2864192
6492020
2713483
6483287
6478526
2129256
255482
6443849
6441618
5878581
6457574
5663201
6421601
2821429
6437174
5695336
6441527
2682525
6421272
6421299
6414640
6400439
6406583
5785231
5841954
3186283
5881438
255290
5904683
1168177
2209259
5830592
5888628
5885069
5850128
5844832
5872727
5865720
5862842
2215517
5858911
5838391
5825856
5830597
2180406
5806743
4419802
5821607
5825969
5830588
5573723
1269274
3049917
5807629
4471806
5795315
5801793
5793735
1046783
5772842
2162186
5775490
5438589
5750640
2977822
5701984
5739701
5700237
5754448
5754084
5674007
2286205
5747824
5638117
1046953
5722903
5709564
5695304
5541012
1188478
1800195
3341830
5671682
5662525
5093292
5669655
5664471
5419601
5217855
5259751
2209850
5361070
2282745
5569748
5586899
5648902
3442890
5635827
2031124
1525756
5362264
5571018
2656196
3124702
5579603
5503831
5571570
5556270
1063102
5537808
5532112
1061252
3023639
5501030
5535130
5532782
3673405
1617557
5526812
2928453
5278170
5510546
5514880
2515856
5487180
5482290
255169
5463804
5463123
4421804
5425725
2502516
2502508
255131
5450671
5442013
5388330
5442600
5387513
5433029
5351225
5422429
2480672
4719563
1743446
5392228
1063713
5369782
5384089
3137154
5368411
5342411
5358077
5347511
1033920
5340370
5319267
5213157
5304786
1469458
5344161
5325829
2836462
5305254
5286636
1155480
5037214
5318071
2267074
5308429
255353
5306691
5247654
1067770
3579515
254777
5278277
4429811
5262978
5263195
5256804
5254217
5246543
5246024
5093533
5239550
254795
5046128
3097296
5172245
5219323
5157400
5163204
5193604
5203919
2442751
5130878
1085897
5191656
5191347
2458038
4446757
1863761
5077879
4476374
4839680
5037096
3040110
1062988
5111604
3062605
975006
1153215
1801165
2549136
4792187
5076859
5079176
4404661
4834013
5060626
4867072
4838564
4867674
2403414
1047987
4829540
4856958
1061470
4651183
2583009
1047562
1183592
4790675
1061218
4792339
4747384
4654036
4744020
1268405
3598577
4647610
1995340
1044726
948080
2967710
4651189
3560077
2359595
2544264
255394
3347489
4476363
4595330
4609035
1067159
255464
3722307
3131269
3673259
4497457
3750637
4457824
3756616
1063601
4451361
254900
1063048
2607046
1234879
3386357
3759527
3148035
4438960
