2630714
1012515
6978287
1005485
1849510
2887699
1012451
6974467
1018768
6967076
6698591
5184812
6761697
6885625
6954628
5460787
1008342
1030361
6772776
6907829
6890712
6948126
2918616
2993093
6950578
3246860
6900449
5158544
1828705
6478528
5138576
6935100
1009394
6937369
5695621
6649619
6833574
4811789
6843570
1180437
6888200
1001599
6448249
6895245
6886253
3328706
6883004
1009382
5354660
6872684
2358854
5811314
6746524
5863885
5885936
2775594
5176224
1564049
6824463
6853798
5262056
6710332
6807194
5804170
4730622
4737358
5162233
5270713
4717678
5811876
5825819
6811417
1196918
6796843
5261157
5347442
5746978
5881073
6540611
5287236
1032771
6766767
2338991
6709511
1006609
6761719
5571361
6760717
6752648
6748890
4778717
4787209
6574459
5818739
3304660
5651917
2276231
1481125
6577914
5309652
6702470
6704214
1477934
2985361
2616464
1384118
6668485
6669079
3126290
1334885
6540225
6548405
992345
1023200
5392871
5747157
1002295
6657819
6621008
6628610
1406005
5745039
5895698
2627452
6432222
6595770
6586700
5571525
997198
6597280
6559145
6571410
1014072
5264125
4715270
6540127
5783122
6543144
6539459
5888252
1981345
1003946
6511497
6516212
6489172
6508137
5834619
6450110
5854455
6460293
5148829
6438403
6410010
1002196
5594220
4566867
5740182
6412607
5314809
5898074
3275632
5891641
5833640
5887508
5857862
1016161
5837791
4483132
3076339
5824885
5805353
2339826
2088674
3683355
5521516
5815696
5803968
2610290
5804558
5790411
5749972
5786082
5783790
5782657
5768364
5577102
5740291
5730723
5747313
5267447
5338602
5742020
4780994
5739736
5745231
5745231
5378299
5684075
5726321
3674158
5727153
5710922
5493733
5691578
5687414
997383
3186773
2069604
5672396
5644279
5650880
5542796
5642738
5642357
5604841
2329659
4634207
4717536
5285198
5597859
5585590
5260949
5469477
5550364
1194330
5567198
3621791
5558657
5117931
2145450
2031709
5485876
1007533
998834
2181779
5530927
5508206
5526061
5524582
5514561
5493480
5276068
5197856
5231253
5327479
5168672
4512381
5516974
5465862
5482849
1025881
5512868
5512189
5491604
1055949
4658989
2544461
4624773
5433950
5480622
1011016
1691839
5466155
5453300
5462649
5344033
5426002
5439843
5367085
5421890
5316195
5416265
5042776
4857461
5396336
4433367
1337463
5354311
1027661
5358129
5342229
5330963
999511
5332481
5296436
5307354
5253636
5303975
5298641
5279456
5302223
5296948
5296718
5297146
2135388
5291984
5291469
5291445
5285972
4826379
5126725
5204822
5205083
5208648
4853942
5074465
5179234
5186179
5189469
5203307
5208953
5223853
5235499
5275998
3733151
5186274
2914349
3612932
5269411
5264055
5255970
4822432
5252696
5221799
3311643
5238976
1024764
5238899
5243094
5242347
5237862
5178388
5232083
5184609
5233970
2113896
5207116
5217968
5224811
4648530
5221652
3763462
3754609
5196562
5199695
2453115
5186149
5155403
5166941
5178438
999592
5097475
1954771
5164325
5163017
4729745
4535830
5057632
5146950
5052818
5146063
5143419
4833518
1006715
5140888
4848579
4852598
5137980
4754946
5136801
1001086
5125529
1006826
2037424
2179845
2549755
3274799
3669320
4532317
3760913
4828587
1665272
1152112
3724291
5101881
5096533
5094899
5080444
5080838
5078858
5079244
5058746
5043865
3372346
5063789
5051833
3066166
5055228
2178872
5048977
5046820
5047299
5000204
4868688
4848016
4851667
4850527
3587620
2686052
4815719
4820646
4821925
4821596
4808883
4741969
4784028
3704886
2787678
4769472
4709956
3765678
4574438
4758082
4759669
4757833
4759705
1869989
2777948
4756033
4757627
4739187
4743759
4742598
4738843
2561964
4737071
4715429
4730336
4717794
4728503
4723966
2027755
3603851
4723417
1023536
4723914
3151734
4718115
4715677
4702781
4715564
2762578
4662418
4666853
4666208
4573088
4660618
4637468
4640775
4612496
3172742
4635261
4617770
2899069
4500418
1012592
4626438
4618464
3125706
4586890
4601509
4563063
4579428
3370903
4577304
3245714
1622112
4567291
4572119
1923536
4494851
4558787
2118278
3189966
2594066
4526768
4501101
4527991
4512601
4506672
3389809
4445383
2454187
4434993
4456258
4488396
1015799
3751196
1738086
4476425
4425410
