2604341
6978534
6865065
975318
2955344
6978518
2688646
6977708
6977708
6967525
6961966
6963835
6923390
6890727
2583401
5784766
2500170
6970707
6877978
1428541
5234372
3045592
1262376
1208130
1347799
5849122
6964798
6403133
6761926
6726235
6818437
2889726
6952407
2891691
1578082
2969027
6945087
6955397
3029569
6950596
2945593
2125346
1378192
2678288
1381060
2998915
6453759
1034002
6949052
2934418
3227074
6486387
5878031
6761392
2435244
2551726
6928315
6934851
5732876
6942740
6940375
6930849
252116
5515609
4848908
5456378
6938091
2782385
3711764
6911768
3063554
6574997
6927563
249996
2104860
1449326
5491475
1791200
5533938
5758343
6919690
1275614
6799020
6919328
6916725
2668568
6919353
1282812
6563141
5089631
1769119
5262763
6909834
6901054
3445410
6909676
6907310
6746650
1639483
6890648
6878116
1834545
2919506
5880964
5539905
6836240
6841479
250971
6882840
1956275
6535568
6843290
6874168
1622349
2247720
6877399
6875995
6874160
6870819
6874258
6870815
6835394
6872624
5181724
6520563
6557110
6639190
6870823
6840701
6861654
6765707
2612807
6853981
6763928
6776070
6827666
6781953
6795869
6798991
6812329
6818458
6839524
1381973
6744023
6514117
6836611
2188254
6753243
6835273
6835198
5377250
5640128
6813187
6464445
5714248
6696779
6708670
6778417
6818467
6583980
5219767
1459789
6802165
6813217
6646098
6805363
5795032
6713637
6794652
6651919
3307924
3577424
6796405
6792359
1782083
1634644
2863991
2074481
5420764
5833298
6764667
5884127
6771442
6640667
1751837
2782072
2590223
6765699
6766581
6773266
6771782
1330250
6764731
3710748
1431763
6744197
6753642
6756458
1398441
5777689
6751804
6472739
6472739
1187641
2201956
6730059
6744169
6744846
2807698
2718965
6745610
6744187
6744187
6742357
1378716
6717836
6637988
2760547
3392839
6718365
6731468
3163652
3653756
6457816
1778399
2055310
6716801
6711442
6511311
5140631
6698666
6667483
1235433
5127554
2546019
5674959
6697389
6708318
1237589
6698247
1382074
2550976
6668342
6692148
6687317
6700661
5704260
6667821
6687630
4518305
5804331
6548350
3754842
1374384
6672409
5012052
6675842
5054255
1889324
6670204
2194951
1852623
6650188
2283356
6665179
6665891
6665891
6662534
5712550
6582272
6658218
6653341
1138393
6655369
1746789
6606564
6645830
4491579
251086
1597402
6640665
1575702
2705556
1221579
251299
6637825
6627722
1483607
6602665
6620304
6441869
1290390
6614749
6607277
6601182
2870090
3634931
6546882
6559116
6611187
5317633
3643513
252548
6599698
4493968
1528923
6585572
6587339
6583054
3437133
6580326
6573530
6574293
2120509
6543609
6577818
2757837
6575933
2202607
6560788
2229635
2109332
6559495
5829874
6553423
2785542
6550729
6536404
251024
6540268
6536537
2611446
6540657
2704320
1827812
6534718
6536595
6536595
5053800
6532493
6520984
1061986
6525006
6408076
5689969
6499399
1767136
2922513
5422204
5533665
5625380
6402723
6493875
6491609
1692015
6497722
6496034
6493413
6492964
5880756
3391018
6482496
3659602
3188648
6485387
2208415
2782415
5465586
2382591
6480047
6483404
1718428
6480657
6467682
1978249
250511
6472887
6466111
6471021
6462564
6460954
2202422
6458012
6449490
6402005
6408563
6437486
3624212
6421286
6440518
1101319
6403181
6435785
6429349
6432299
6430245
5699960
5714958
6409295
6422112
6405042
5671338
2636325
6408875
6411990
5890027
1642659
3395257
2517273
6402961
1200156
1200156
5896486
5844366
6402377
5660071
2089494
5897172
5577206
5898308
5887824
4758755
5689206
4504227
5880260
5879381
5880069
5874256
5876986
5879121
5857808
5862868
5873161
5859603
5874233
5827494
5814914
5845575
1864263
5862582
4831658
5324109
5438096
5562501
5585502
5856118
5833388
5841022
5846861
5845781
5839995
5663384
5781856
5814518
5833320
5836137
5827757
5800007
3621238
5549265
1218886
5824925
5812785
4788414
5821211
2578736
5816923
5776271
5797422
5804308
5802637
5788940
5772810
5768248
5768847
5766819
5767519
5789921
5721537
5374504
5793036
5791312
5740801
1021563
2528180
5780828
1884404
2226878
5777659
1382818
5775334
1378161
1772948
2892374
1354780
5769374
5756732
5749682
5762716
3764959
3764970
2257999
5759415
5749753
5752430
5695757
