4812550
6973277
6973277
6936650
6965284
5789255
1630081
2983313
6926962
1811459
2125548
6915540
6931684
6924483
6938177
6938177
6935037
6935037
2728556
3653803
5282182
2782590
6898466
6848928
1078081
1068158
6813334
4997581
4400320
4508428
5183197
1095528
6764777
1079890
6843328
6830992
6828306
6780913
1083875
1061349
3127404
3261358
6795090
6797246
1100884
5512387
3707571
1070215
6762451
6738531
5807881
5709182
6736871
5769017
6652911
6531237
6529205
5783469
6674127
6671049
2406642
6638390
6638390
6558251
6602119
1004968
1066270
6600473
1538519
6580987
6574169
1069752
2258433
6504076
3433683
6511056
6517171
6475898
6461225
6456329
6421205
6404891
6414990
5841021
1105417
5884819
5876514
5857130
5862531
1061953
5847664
1065887
1062188
4477574
5813576
5806322
5805876
5272348
1079019
1261044
2088252
2273733
2408308
2437265
2649627
2663082
2974752
3181952
3320981
3573522
5775600
4989761
5238375
1067878
5782265
5778291
3587598
3598162
5438626
5580200
2845191
5753467
5632739
5649130
5699373
1090984
3175091
3093302
5718795
4788574
5690670
1065248
1110074
5669242
4644391
1061934
1091731
4657910
1065391
5654860
5646422
1772964
5620501
3759901
5191019
5450552
5577242
5536697
5541983
5554786
5547611
2131980
5526861
2230974
5526864
5478811
5463272
5459845
5430184
5398043
3070433
1818625
5380158
5357338
1085311
5291037
5292360
5275096
5221084
1232452
5223389
3425033
1064935
3045999
5198126
5177502
5162089
3241851
1071384
5052806
1061303
2415912
4834442
4802831
2214325
4660318
4549898
4483549
4598604
4591912
4537343
4557492
4503023
4400732
3716353
1067341
3766051
3171296
2668992
3703460
3650917
2072056
1071357
3640812
1007513
3606869
3584932
2933634
2933634
3566162
3442109
3432127
1070088
3352827
3391917
3371736
257711
1062967
3304124
3307306
3141702
3260845
1066153
3237288
3225879
3146250
3164825
2817653
3157812
1093472
1066117
3017527
2630408
3037054
3080188
2964450
3032277
1066050
3017840
1062804
3004691
2999305
2340427
2958745
2922951
2900318
1064024
2765900
2843970
1131799
2118894
1035048
2340246
1062506
1514106
1068889
1070696
2093356
2762200
2762200
2692641
1113262
2577026
2733968
2572825
2660984
2656146
2647858
2644211
1062387
2516730
1090830
2536772
1063960
2116738
2502176
2469631
2150252
2240850
2395368
2395368
2337744
2243928
2271428
1068666
2295224
2281659
2224061
2195711
2207466
2138178
1061111
2129621
2124578
1659247
1061655
1875234
1908753
2015822
1972923
1949261
1968146
1900366
1644195
1061159
1062051
934135
1599001
1637685
1525854
1535134
1564428
1112145
1064774
1068197
1067384
1457100
1062430
1317344
1069918
1062775
1231968
1065306
1189826
1107893
1106075
1064057
1118568
1106522
1108937
1126982
1105211
1083545
1097433
1097391
1092767
1091169
1084794
1075988
1074546
1064462
1069972
1068005
1069898
1069638
1068758
1068658
1067511
1066909
1066699
1066571
1066304
1065994
1065914
1065918
1065513
1064984
1064767
1065258
1065169
1064945
1064454
1064312
1064237
1064299
1063242
1064262
1063743
1062421
1062397
1062681
1063404
1063094
1062827
1062470
1062376
1062317
1062237
1062207
1061779
1061647
1061619
1061539
1061131
1061083
1046324
954284
947465
203965
