4529492
2342819
5128851
6978748
3052804
1868287
1550799
6979296
6979126
1864401
1696513
6977397
1859951
6974491
6965440
6974833
1861858
6883886
6977365
5155183
6838425
233077
217848
6963014
6962789
6725222
6975855
6962207
6970035
6837049
6974478
221035
237070
207551
2335735
206879
207508
6976035
6913659
206905
217868
6974019
232922
1388686
217799
6932428
6740694
6965773
244581
3067283
5864738
6973761
6970550
6973968
6947105
6952125
6959435
6973236
6963340
2248659
1321208
2869181
6964690
3373051
6971494
6973188
1823403
6972181
6908941
6927609
2963090
6960983
6964426
1083536
6956692
6908293
1265382
3028731
6967489
3028619
6455114
6959706
6963882
6958807
6782942
217647
233212
6959993
6964350
6938880
205866
2766900
2922369
6922530
6944992
6479559
5634139
6962314
1041867
1250574
6962820
6959059
1380816
2839681
6951447
6960590
6951582
6957384
6957317
6950565
6952395
2916506
6957792
2990018
2979194
6638938
6691976
2890424
6960674
2901848
6955282
2977157
1795249
1987178
6954744
6858169
2910658
6951742
6954734
6904332
6952408
1686831
6953860
6950690
234832
3125721
5843067
1813807
1925239
6943634
1453127
6467721
6944274
6413887
1832890
6909877
6668847
6944491
3023793
2326970
6943274
6949553
6919356
2623442
1654132
5605798
6861932
6946967
933250
6949071
2440280
6944931
2625931
207504
6945825
6922446
6942890
6944404
2600113
6938935
6940502
6947725
6943358
6881514
1832765
6923029
6923029
1051139
1946582
5360157
2985561
1209109
6945923
2930062
5538850
2910865
6944626
1786485
6939292
1579619
4499550
6936463
6939936
6939802
6674645
2642113
6939248
6939395
6941561
6637465
1163964
5290874
6939522
6939028
6647782
6937155
6929061
6937674
6933213
1591443
6925764
5669316
6937126
6933595
6927218
6929114
6934643
6913068
4632723
6929775
5248725
940851
6927990
6934883
6929972
6922508
2905479
2037459
1369691
978084
3632294
4664426
5033360
2790064
6694133
5397523
5612089
6795494
6927396
1028009
4537670
6921949
2365714
6433360
1660878
1412346
1351604
955773
6903298
2454871
6930228
6452742
2578030
6927901
6919832
2532260
6923946
6923414
6919553
6926716
1706266
3403905
1328326
2388309
2318643
6921631
6923173
2429318
6914532
6920804
6920751
1150076
6921693
3744087
6835110
4454366
6842227
6797003
1376947
6684602
6903630
6917000
6918854
6914040
6918363
6918679
1818090
1823824
4779806
1663330
6816509
2033282
6911205
6536360
6912468
6910651
6909632
4705151
6907972
5816731
6910341
6558013
2513087
5218842
6905485
2871943
6910316
1213251
1011232
5476827
1084932
5746344
6898547
6905124
3619216
6734288
6902239
6903616
1706895
1598480
5881327
5086344
1686814
6909784
6909265
4942749
3760557
6907908
6908361
6903194
6905227
6906258
6908053
6897631
6907759
6904359
217619
6901189
6901584
6900235
4613058
1654705
6901205
6901309
6900579
6903580
6622496
6901385
6901983
6902832
6411203
6895331
3330431
6899612
6892022
5649928
939846
1669589
6898945
6891844
6897046
6886481
5714749
2378098
6895147
1228426
6886950
6890453
6892276
6894796
6705619
6891663
4661246
1547680
6891191
1093116
6832293
6887098
6890220
6690412
1645017
6651704
2628831
3711388
6883669
3332123
1040960
4502516
5288228
5247930
1819727
1869227
6890163
217718
3307358
6885559
6817017
6773844
6888932
6889643
6887468
1044870
6889022
6586011
6869339
6873840
6873504
2707715
6696489
6842355
6878761
6880921
6886005
6860174
2601368
6879688
1685029
6882873
5651523
6880694
5286117
6869564
6750054
4411763
6871566
6874503
6864091
6877123
1082302
6880312
1357622
6773189
6869544
981559
1104986
6872712
6877472
1100546
6876412
6865913
2791851
6869041
6869646
3450537
6860912
6870254
1152793
2082765
5230032
2873418
5478337
5676385
6860818
4806773
1082069
6859318
6868349
6861985
1096895
6856690
6857262
6862429
6863369
6818000
1498075
6551913
2028378
6840897
6848451
6861076
6856045
6839367
6843087
6855584
6795697
6858126
6754377
2757144
6858294
6851398
6861810
6849571
1055129
6859784
6846812
1153005
1602640
6856748
2775749
6806660
6775829
6825078
6849348
1153512
6844861
6792426
2902415
1791051
6779598
3653818
6753941
