6973549
6889821
2156921
6969910
2945846
6950552
6948015
6807158
1418611
6603152
5283751
1781398
6842664
2151950
2159041
5834535
2154054
6719994
2143600
6890615
6907831
5817939
6892876
2358352
6761640
2153417
2159166
6870060
5290895
6788209
2154708
2145179
5867356
2153797
5723297
3678966
6789396
5890635
6723070
6730827
2794892
5860747
5680287
2160309
1401686
2913659
970199
2148734
2155107
6513264
6685570
4734735
2151930
2149832
6714612
6738228
5742653
5282180
5692115
2153833
3085887
6537406
2156631
6692426
6685371
6689854
5811610
6678538
1028728
2153623
6607486
6607649
2146801
5760741
2146128
2145847
5316741
6617957
1356467
6455482
5545078
6598813
2467458
6574116
6572305
2400684
6559200
5598474
2328294
6559549
6455986
5084712
6540279
6516064
6461769
6504585
5532392
969829
2102561
2143027
6463148
5706922
5817389
4778604
6459214
2155199
5654091
5172375
6449305
6420036
6437952
5890634
5899812
5442265
2156851
5771953
6402791
2151790
5613482
1051781
5783187
5861856
5879318
5787667
1176680
5872686
1284160
1314700
1273078
1355206
1408743
1387725
1444694
1478261
2064128
2705532
4593390
4598317
3598129
4581306
2157754
5726778
5699094
5800195
5693059
4613111
1321451
2139431
5509704
3451281
5753814
5798672
5833400
2153526
5505050
2146188
5768733
5689521
5490138
2145043
2180814
5798882
5798430
5272182
1045490
5791871
5789446
5788431
5785980
5779149
5773893
3349766
5771827
5767360
5683729
5773894
2317117
2153385
5741778
5449576
2596324
944948
5689576
5733278
3677608
5730670
5641591
2145766
5693589
5715829
5685230
5722335
3637873
5720825
2157594
5625489
5424735
2146024
5570218
5712532
5711213
2141034
5672507
5579976
5705685
1596329
5407833
5696159
2154731
5700166
5674500
5693362
3586477
5564977
2313666
5689917
3616281
3379496
5685925
2154962
5678881
5672427
5677941
2154949
5667781
5471005
5676033
5675294
5271191
5658370
5671219
5670885
3591929
5653591
2154855
5663494
5314450
5662492
3222620
2532520
2308371
2393747
5651419
3219655
2171047
5641517
5636325
2152743
5596823
5631430
5627098
5616327
5565329
5617027
5602559
2155096
5614303
5613871
5605983
5609479
5607837
5558882
5598025
2152256
5595000
5540352
5593422
2352254
3685720
5588604
5587467
5580936
5577202
2221186
5576658
5559343
5575147
5539732
5254362
5564249
2143275
5571619
2146078
5568250
5571050
2142724
5460400
2154213
5558805
5561191
2153589
5553481
5540141
3601106
5542497
5534689
5538252
2423931
5538225
5535355
5524866
2157227
5533893
5530616
5529321
2158349
5517358
5519740
5511383
2919961
2291959
2106805
5506195
5511371
5510837
5502929
2152896
5473707
5486865
5455873
5459061
5476443
5463263
5460265
2193692
5415451
4497728
5160197
5196307
5285263
5312136
5329081
5407583
5459299
5450010
5451660
5448477
5446797
5442323
4459428
2153366
5430221
2158571
5424959
5421672
5416713
5416499
2450426
2148018
5404267
5400924
5400585
5227472
5344854
5385237
2141187
5128696
5309178
5322092
5370867
5138288
5325884
5367172
5093330
2557568
2155367
5208690
5339694
5337711
5327716
5325430
5321042
5317043
4716550
2439836
5167711
4841105
5263956
5285940
5286184
5286194
2153106
5283924
5270801
5278088
1056555
5275329
5272884
5259819
2252352
5264242
944919
5258950
5233821
5247712
5160344
2517916
5217351
5198080
2144026
5204482
945078
2807333
5181867
5188907
2382843
2151232
2155667
5168407
5171431
5164841
2152644
2152199
5126648
5066486
2152141
2353922
5050497
2337584
2152919
2699226
2147400
4830929
2156227
2150049
2157504
4813090
2621281
2159387
2152092
2393680
2157000
2156087
2145398
2141487
4731396
2151287
2158014
2152535
4661114
2151122
2581239
2152044
3252976
2580569
2150519
3382764
2151092
2141549
2151147
4604356
238373
2152660
3626292
2473387
2153028
4443949
4423330
4587083
3281857
3128407
2344471
4534838
2342967
4487655
3358469
2338492
3320055
2498050
2143056
1073541
2386611
4490176
2145316
2160377
3764765
4409247
2155509
2151631
3669673
2994654
2152439
2157142
3750016
2151829
2256950
3682378
2336651
2460443
3474794
3657485
3048139
3435362
3447978
2151054
2150866
2436544
3024582
3267476
2327819
