5489218
6976488
1986905
1832231
984128
5732917
6959733
6961896
6964603
6839754
6662850
6930818
984258
5432759
5890306
6942686
1014172
6937628
1015493
6937471
6929277
3096342
6522356
6878194
6905873
1342251
6836263
1016253
1031029
3573976
1292631
6880731
3360831
6522535
1017998
6853213
1986534
6822508
6863341
1011233
3286969
5863911
5649476
1808926
979760
985423
6448202
5704578
6836803
1025678
1029185
1914625
981501
6819696
985405
3767016
2172275
4570447
3302999
6751382
1300423
6500735
1660029
2560092
6771861
6762253
6734364
6745558
6746221
3578483
6729022
6411755
6699312
980254
2182212
981159
6690829
3072405
4695792
981317
6662479
4712687
6652208
2766155
5773068
6622490
6465901
4823534
6548851
5694998
2775650
2365330
1717812
4716658
6536440
6434187
5508677
5709685
5826995
983924
6497375
4509298
4653965
5830323
5853051
4504813
1013382
5750583
1935089
6412758
6455017
5437597
5033879
5565109
5654722
4784954
5006916
5361723
5808175
5838524
5901170
5879241
5750527
2781027
5802411
4803481
2684202
5787748
5770289
5765788
5760276
5070635
1412749
5709792
983509
5628890
3244039
2266202
5398295
5000574
5539642
1698764
2227415
2414609
5586621
2326921
3441207
3597262
5529385
5477986
5554203
5549650
1634950
985386
5426588
5509739
5474346
1278479
5407664
5435295
3389562
3018070
2181239
993453
4783676
5388410
5438038
5329725
5336099
3683237
1852006
2482500
1018972
3251873
5363002
5277909
5319846
1893790
5319194
5314141
5231061
5290241
5310665
5281450
5298631
5150577
979076
5136378
4591756
5191725
2986535
3702319
5167735
5165914
5166978
5155433
5161782
5148390
5126851
5093820
980180
5062650
5081969
5076063
5071225
5061831
979710
4699648
4730592
980674
982753
3328235
3612003
4731926
4784918
4632310
4739956
4781564
4773642
2137929
4512852
4519322
4607929
4593710
3153098
2748513
4537933
993925
4427280
4505885
4504339
4495524
4441535
1011949
1250483
1026754
1031407
1494904
1380027
1701048
1884019
994303
981368
1933997
986425
979786
2053145
1999104
2260547
1637624
2558729
1204429
1638474
1708828
1026491
981267
2768648
2960369
2784124
3136886
3074476
3119181
3205503
3369359
979987
1645547
3296475
2206467
2777752
1488995
2621292
2210283
3751575
2771162
2757229
980390
3681642
3722970
979248
3561636
3587165
1922658
1700325
3599380
3334839
1792826
1371843
1637989
3571473
983417
3428880
3350202
2429419
3118086
3324004
983391
3281929
3186844
2100728
978908
980517
3207902
3121030
2576003
978988
2679436
3110142
3072522
983951
1469519
2020697
3017836
1810690
2869720
2859949
2689193
2737689
2666830
983593
2696532
980001
2648045
2643297
1026124
983547
1026589
985306
980042
1589958
1407092
2294419
2439156
2524592
2524592
1892284
984005
2525939
2365141
2234953
2262961
2273051
2172044
2161329
982493
981090
980195
2173956
2160299
2170586
2139870
2068419
1918539
1390837
1530164
1607861
1869046
1860615
959785
1705471
1678350
1635883
1520369
1632861
1607843
1608167
1594308
1457389
1479570
1014138
980397
994009
984468
1029616
983868
984493
1037637
1353032
1376988
982853
1114176
980020
979473
1224337
1045129
979514
1014962
994382
995158
981539
983944
986879
985723
985479
985354
984487
983893
982577
981306
981121
978930
980352
980338
980640
980331
980462
980445
980038
980151
980268
979945
979768
978940
977454
977313
