3386106
3569193
1172777
3158336
3370398
6972990
2684278
6961264
5064575
2978631
6977941
6975116
1449501
5139835
4999124
1112349
6974944
1859201
6879981
5407549
6475093
2101019
6948936
1100092
248535
3043502
6669878
6973164
6971782
6972855
6412641
6964323
2107859
2516252
6969530
6957440
6971457
1164940
6970880
1327210
1468360
2926390
6880125
6611866
6966764
6964210
5079599
6961260
6966737
6966737
220782
6831848
3296776
3054702
2894742
1231720
6541600
5572612
6496623
6950917
6872922
1090094
5344356
5817371
5237637
6619287
1773231
6960326
6691884
6963025
6955365
6961469
6962118
2950454
2589080
3042157
2739698
2943322
1754052
3032300
2919040
2602766
2918814
2986604
2363514
5239899
3380508
2547087
6952529
5839958
6954584
2889070
2900383
6950494
6955500
2926576
2494530
1055864
2988151
220795
1090734
2740557
6952266
4847147
6867103
6951207
1343455
3393078
5173030
6949959
6928433
1215668
1829952
6938921
6939100
6939407
6931364
2981997
1038235
2624155
6942296
6946419
2623433
3447272
6940539
3052722
2237988
6939445
1165594
220847
5155625
247673
5423571
6629202
1156258
3364423
6941135
6942736
5156578
6929686
6927359
988210
2743572
2846193
6737261
6930052
6894275
220711
6935861
5786395
4565981
6935921
6936852
6920735
3227742
6931884
6935159
5780064
6925788
1925053
6921854
6926879
1572284
1374308
6912738
4475061
6908924
6434315
1355784
2086229
2325374
3364965
2568525
6918087
1440609
6901717
6917372
3097353
6813521
6773238
2404868
6884544
6922808
2849155
6917100
6453445
6458911
1179494
2214944
6629900
3427261
6914793
6917285
1148935
6513404
6407406
1200562
1059425
1584127
6913219
1337540
3373658
6696775
6881531
6814582
6909277
2882165
6906328
6901773
6905345
1075238
1051865
6898581
6900744
6891979
256734
6902628
937160
6902293
5111477
1198697
1395079
6900311
1586305
5469752
6898912
6785743
6898164
6894144
6897441
6896560
234626
6667828
6896468
6893091
6894558
6894397
1356788
4528588
6890599
2556878
1471118
6881993
6881066
6879867
6871389
6885839
4648092
6886085
2360543
2755013
6883313
220845
220754
1152704
1382434
6879928
6879928
1371909
2762804
6768383
6868396
6874371
995845
6870162
5617317
5135069
6874177
6869980
6871499
6870536
6869968
6865624
5400637
6836846
6871409
3239095
6841575
6858330
6865014
6847263
1503889
6863566
6863216
6865203
234865
2949530
6864064
6848447
6860657
1184096
4790152
6860127
6740345
2643446
6862315
6860795
6861119
1146234
6840252
6832624
6857690
6857083
4625833
6855682
6852213
6854816
6759344
6850468
6851683
6843878
6849475
6726375
945267
989603
6772304
6833179
6841685
6837506
6839519
1143761
3393708
1251703
6837064
6842245
1940383
6547676
6830242
1437611
975314
1285998
1437671
6837335
3056893
1134923
1216767
2016933
6704986
1511785
6835670
4561520
6834449
6834449
6832239
6828404
1034199
1187859
6733545
2399547
6830941
6791657
6809711
2549175
6828541
5204299
6821923
6826579
6738203
6822088
6822543
1445193
2717974
6818233
1212684
6446289
6815744
2840613
233320
2734105
6434284
5452507
6815206
6703057
6815396
6809376
2820222
1079991
6806893
6809969
3191049
6808767
6788354
1179374
6796558
6806123
1234602
6797783
1156352
6798886
1013260
6754311
6774858
6420298
5593972
6791324
1136559
6740846
1187869
6793747
6788612
6790911
6791238
6590309
3134276
6673727
2994695
1185851
6786354
5846242
5264382
2564468
6780220
6781834
6780816
4862181
6713643
6752881
6773599
2702848
6778643
6775383
6779540
6767312
6778266
953292
2577721
3071636
6774008
1747437
1174035
6771963
6771429
6762344
6770212
6761370
6720635
6768812
5872737
6468208
6760974
6744128
2816495
2417067
6748400
6754630
1217906
2162331
2620589
2635168
6760689
3149188
5256449
6745830
6749468
1685437
2168621
6736466
6746904
6685590
6742655
220743
2641432
2683623
2642104
6741764
3107363
2979135
6567559
6737425
6740712
1067937
5805284
6738072
1270400
6738464
6737633
6718538
3743023
1578345
5895075
6737553
6737553
1330904
6735755
2516607
5834632
6704588
3338074
6698317
5283635
6733962
2523851
6727163
3720922
6665062
6723357
5891775
1205202
6527103
6724571
3627124
2481834
6726267
6726267
6721061
