5329694
6727205
1051103
5169948
1756792
1473258
984426
1015904
1581597
1815744
984610
6949287
6949287
1205133
6940762
6603539
1044876
6887804
6886311
6826130
3698227
6879074
2303928
6533247
6724091
6835924
980501
6816717
2210371
6818795
6799141
6454835
980220
6657979
6650957
1960629
6706667
2956884
1515365
3161666
5263410
5723221
1950250
3197006
2622402
6662978
6662978
6653236
5612137
6640453
1001555
5453680
5855482
6627209
6627209
5886821
6616065
1709508
6435645
5561464
6585840
6533224
5291794
1417897
1853964
1528277
5183697
5845675
5830781
5770506
5685100
5616449
1002421
5717277
2719608
2214993
2234876
5643969
5643969
5610041
982650
982172
4494446
5539979
5534694
5533943
2159292
982026
5509362
979208
5429472
3076320
980191
992682
1314799
983934
979226
1010092
978974
1858434
1403922
1990607
1997632
2453926
2551869
3450486
4436599
1907587
980235
979996
5173098
4833991
5204834
978881
2428953
4536791
981666
2410968
1000517
2583275
979524
2714129
1970469
5038506
3653847
4745914
3416378
4397400
2356413
4497738
3399679
3580073
4405069
4409033
4413017
3023115
3704588
2560828
2560828
3583835
3625551
980385
3421720
3195832
1917436
985438
2431336
3328248
3289034
990730
3264516
1712974
3100381
3228230
3066520
3181046
2273322
3196662
3120070
3092950
3132342
2047903
981417
2815235
3032552
2922708
979939
2775809
935554
990239
2702224
2664849
2641789
1745227
2666696
2585010
2547329
2613150
2579298
2428390
2265143
2460095
2469409
2469409
2303578
2412304
2324670
2393740
2276255
2117170
2096823
2071251
2067645
2008464
2008464
1990351
1977844
1963076
1294223
1851561
986948
1036307
983481
979382
1664628
988727
1243373
1600126
1594746
1595377
993832
1502673
1475369
1473764
1466034
1413635
1010230
983847
1057726
1207147
1060843
1059268
1048284
1050371
981944
979285
983315
1025807
1025885
1009290
1008823
1007619
995304
990894
984222
988603
984357
983688
983729
986570
983446
983620
983799
983990
984060
984286
984532
984379
981226
981468
981647
981810
982037
982047
982125
982141
983068
982999
982941
982747
981577
982249
981696
981651
981332
980281
978721
978912
980406
978981
979009
980381
980513
979027
979330
979352
979484
979608
979685
979723
980109
979950
979624
979612
979113
978806
