6813505
6977742
1185201
6772167
5238892
1816404
3638046
4838277
6938394
5795985
6918586
1816776
955269
6933405
6937680
2828750
6825386
6561553
6935907
6935990
961706
6901682
4642445
5505947
1209577
6905748
5641411
6915255
6909040
6889194
6621954
6708332
6892141
3077112
5848690
1031622
961722
6415275
6896131
6876920
6888254
6889223
2456058
6583369
4816291
1547672
6880262
6483713
3406151
5832458
1320771
5296553
6879921
6856091
6854989
6873146
6482520
6818484
6624022
6834718
1285651
2790337
5667319
6747275
6727717
5212852
6847610
6846150
6813487
1048663
6845421
2669551
6831106
6839556
6825354
5527551
6810551
6773100
6787290
4831955
6810673
953789
6800536
5582293
6459757
6794781
6795332
6716633
1031700
5412134
6754574
4817009
6621827
6676784
6698152
6725639
6762178
6751994
949457
6730215
3241952
3256959
5120398
6608943
962549
1538864
6748881
6742825
5112336
5694390
4444306
954590
5740734
6728332
6707760
1117904
6708031
6677298
2482352
6677454
5810122
5380076
6652159
5478234
5470259
5357583
6656282
6668284
4732122
5475841
6433563
6611807
5793216
3043613
6652974
6533901
5518517
6632375
1033828
6638406
6614062
1562989
5627453
3668297
959231
3248300
6609881
6607789
5532258
3208685
2790500
5857079
5902773
4547879
1049774
5459653
3252887
5350838
1033506
6558012
6544535
2382870
5516485
6493733
6528832
6522705
6522590
6496413
6511255
6474800
5795402
3298308
6462021
6489810
6483428
6485181
6449478
6458873
4718025
2678554
5755249
6442023
6433510
6421567
6439478
6430912
5609239
5613241
5892290
6405860
6423534
5829545
5900510
5734138
5745887
5336814
6407968
6403715
3100025
5846492
5887613
5888363
5885192
5343857
5836994
5510777
5833578
5851445
4784820
5838259
5162296
2800027
3305122
5835912
5835119
5808710
5800613
5330913
3299012
5792571
5792852
957705
5794194
958545
962466
3207916
5783304
5783304
1036143
5757217
5751220
5561837
5723257
5428807
5746612
5379939
4510201
5579205
5704286
5708898
5733341
5729613
3136825
956392
5469199
5710649
5703479
5702393
5671647
966746
1033531
5625734
5546496
5365144
5379974
5397824
5541815
5551932
5575151
1043514
5617519
1285188
5416756
5616594
5609510
5586535
5555033
954076
5586683
5572491
5569726
5511649
5441818
5553808
4594177
5398293
1031623
5450448
5509965
5532170
5463798
5506514
1035546
5478269
5140253
5463232
3256991
5450833
1036711
5435326
5433291
5340500
5383954
5404372
5400426
2650006
2741148
5385334
5233769
5373605
5366062
4815114
3442148
1032853
1031870
1033418
2603700
2496899
2344289
1227408
1613401
5267196
2654926
5190129
5214056
5312222
3272064
965720
1395701
5328963
5325619
1374808
5321102
5275862
4840586
1036566
5265968
3176160
5260179
5172071
5259435
2949489
3172899
3322010
3331307
3373305
3391358
3759999
4562642
4826643
5094451
4833271
5209139
3382972
5158720
5119434
2832603
5117043
5112932
3240316
989103
5037591
5081020
2057434
958412
2731100
1215067
1277721
959401
2523018
4866986
985616
5047148
954117
1048227
4854923
4850110
4822758
3275927
4831983
3429813
3442319
4827952
1031587
1584503
4729565
4758957
4648097
3338829
3338829
4637606
1031702
4733374
4667451
4425598
3729301
1870892
4395219
959096
4594121
2104970
2344272
3272079
1034765
1035470
963416
4545375
972051
4448341
4452430
4470907
4465814
4439181
4425462
973729
1031734
1700788
3683738
3706773
3705202
2974267
3316690
3286709
3265343
1031928
3672095
3272050
3676837
3639005
3391205
3636050
1034445
3625704
3647288
3571231
2505445
2505458
3570891
3584688
2937416
2937416
1035004
3318225
2160061
2603159
3399382
1035285
3281103
3401344
3403153
3388988
3343791
3281096
3377158
2549787
2168157
2145731
2146163
3312043
975543
3286689
3139801
1035331
2523547
3252629
1227426
2989922
3286728
3286685
3046728
3276517
3223454
3265328
3265349
1711687
2270554
2692998
2811669
3250777
3256977
2435228
967447
963201
3248268
3248317
3230755
3142401
2486308
1032989
2274021
3144976
2878393
3158134
3132676
3057784
2142003
2364515
2287731
3111995
3108339
1110184
3011372
1212733
3034128
2188907
2841975
1034344
1033286
1035125
1035433
1619847
1031668
1032979
