6978964
6979692
6979692
6939942
6944777
6949064
6965232
6979061
6972700
1876404
6978283
6978283
6910098
3329074
6957341
1112584
6930139
5575862
1090309
6503804
6958383
6965378
2763588
3217475
6964322
6651111
6681300
6960956
6933101
5738825
3802121
6848257
1380091
1689154
4539567
5680070
3690786
1435307
1779552
3256853
3278860
6538900
5576396
5372178
3566514
3694524
5208931
6481850
6946882
6467522
3405746
4530341
6901295
2881175
1197319
1201016
1684476
1116749
1109909
3638242
5677018
6719906
6933894
2743923
6926369
939117
6928222
2912381
6931817
6933378
6915483
6791822
3034967
933862
6881000
934903
3610929
3109949
1077728
3310910
3319755
1275673
1052685
2688901
3074550
2283764
2609670
3031858
6641614
5578968
6928582
2775004
1181027
6928453
1631897
2789836
6923696
6921093
1111030
4462065
6880159
6905086
6917430
6921309
2680459
6920857
2626736
6857374
6893402
6659305
6807716
6914575
2763488
6907780
2516864
6907644
6638787
1110220
6764207
6491039
2542753
6898044
3225978
3391430
6900768
6894851
1376266
6890446
6882128
6890200
6886551
5340934
6889455
3637721
6876527
6889991
5069769
6800366
6848729
6838204
6839381
6865657
6720458
6847163
6845695
2528384
6738930
4400533
1309374
6769597
6459883
6877055
241266
6863433
2544471
1116088
3140107
6829592
5798209
3645743
6854930
4667325
6789747
1379352
3072371
1243798
940056
4439747
6758905
2304634
6524037
2725899
5212029
6775979
6852719
2875308
5656970
6845989
4533675
5624840
5659489
3159053
6834938
979493
1086865
6834377
6816727
6826908
6834334
1411238
5332014
5089152
6722966
3220138
977197
6826765
6705725
6581525
6491715
6785280
6805604
6826255
6825765
6801982
1110100
6811897
6810993
6734545
1064486
6816336
1113038
6787266
1464820
5881541
6727640
6743685
6763211
6795301
5551046
6787515
6799202
5477422
2557497
2937242
6764430
6777357
5812547
1291800
5522361
1221889
6697064
6775448
6779587
6430635
2453782
4626773
5455419
6677967
6778888
1221128
6786388
3294741
3292373
3397509
6760609
6773272
6778925
6776971
2866655
6767956
6774124
1243291
5766802
6752670
1887012
5687254
1114180
5436409
6765903
6764924
6738107
6759880
2457437
3653280
6763139
1249494
3251243
6748801
6751774
6726399
4408250
5367128
3021066
4526069
6731916
2831703
6608098
2799557
6704343
2651313
6621920
6715144
2287206
1273996
6617472
6446693
6689370
6690811
5776298
1168913
6461758
1115917
3718467
6616458
5904555
6704770
6704760
1098076
1373149
6702410
6699360
6701076
2410271
6694926
6434478
6672554
2144580
6687793
6696559
6683176
6696619
6673385
3118387
6686361
6688032
6677845
6663703
3562609
6665559
1151404
5766624
6561346
1141618
1958811
3609399
6657336
6661472
6664512
6652899
6652905
2768973
6407107
1157065
2675318
1645417
2076132
6604962
6617626
6645406
6640819
2203813
2215364
2206767
2665359
6641218
6641218
5277678
6617511
6627254
6618552
6617229
6624184
3292968
6596836
2659210
6621969
6421248
6513318
2918901
6591331
1292089
2887787
5367984
6519747
6567786
6615831
2658305
6580452
6598987
6560104
6573938
3139350
1090130
4831286
2235323
1559397
6606658
6512872
6582286
6557382
5627817
6589741
6502229
6571445
6546451
6567880
6563497
1059416
6566773
5799531
1220486
3190954
6469295
3371526
5592464
6562761
6563294
6522740
6553109
6555890
2979325
2468052
6538756
1082645
6435536
5546516
6540171
3321306
6547709
3188404
1969625
6536653
1417250
5104307
6529908
6404795
5895743
2701621
1340257
6516414
3246714
1320849
2941814
3235052
6497975
3403245
2717448
3049835
6517576
5897129
5079353
5739972
6502953
2925028
6477088
5455717
3004893
1110135
6494464
6489621
6491183
6489995
1290165
6480728
6489478
3689352
5827437
3408393
6462745
6466479
2873082
2196038
6466406
6469337
5767675
2994073
5161535
5640102
5456377
2602350
3674698
6432317
1108895
6401824
6443292
3420658
6409828
2678015
2604618
4403071
2671409
5905436
2986103
6401291
2749137
5789636
6417623
1472084
5625686
5895891
3671423
5704109
5901372
5851021
1424567
5604076
5855235
5901527
5881665
5896068
5871077
5900886
5895035
5871389
5891534
5890355
1237477
5725061
5867658
3292053
5823998
2570089
5861642
