2417849
6971423
2077372
2672883
2780329
6948154
6961116
6962980
5597347
6962394
972480
1673823
6952005
3669866
4662592
5087145
4657568
6674408
3423660
1047463
5240538
6761815
6828711
6799764
6880446
6751314
6763254
6924518
6925911
2704922
6896385
5281863
2879232
1042372
6879378
6712783
3149617
4818761
2321078
6908724
4478411
3670660
6831787
2346406
3179147
4630302
1752378
5139385
1488129
5457825
4442591
4814669
6853730
3214099
6825472
6862509
5779275
6861100
6861100
2921404
966600
967203
973187
2038349
5415018
1040366
5080679
1038774
1657565
6744152
6739547
6819219
6819219
6645394
1047369
984649
6807184
6714232
6796017
1166635
5079604
3685519
6569986
4650527
1047069
6667547
6774250
6651302
5299176
5791378
6438338
6707684
5101864
5816535
1307057
2888540
2256266
5815699
5629234
5482919
5261126
6400273
6601661
6620606
3448695
1931514
2246724
5747069
1043224
976222
5332927
2234321
6687580
6706994
6708130
1040591
6688546
3210450
6654081
2421866
2180385
5623629
966711
4547885
3423392
6532324
6618931
5059484
970767
4646703
6608853
6580179
2501039
6587589
3660595
4574307
6567376
4735953
5194170
1264752
1857628
2571623
6513151
6526303
6527633
6465794
6528158
6528158
3424789
2254259
2372718
6500623
6454853
1164179
3633689
6470992
6434384
6509534
3629219
2780226
6466726
6413717
3563393
6468792
1044325
6476224
2951252
1040054
6447039
2068364
967178
5622794
5738469
6417389
5071582
6413995
6407083
5904964
6407800
5828986
5823341
5420583
5853300
981409
3607321
2691665
5142617
2967167
2178250
2986940
2600001
3008525
3740139
5405214
5405214
973347
5815889
4765744
5786369
5589072
2881596
5748010
2667574
5368532
5667005
5130952
1357688
5767921
5752898
5742005
5744532
5733799
5495010
5712169
5494233
5687024
5646302
5581187
5632416
5639324
5640346
5696667
3188519
5685135
3607983
5681554
5661184
5645193
2444858
5633817
5631242
5280578
5214013
5619512
1237975
5613410
1868456
5228578
971972
5396670
5569995
3046026
2437914
5578686
4405123
5562611
5555739
5538586
5508937
4486024
5531095
2332024
2800848
5507090
4535619
3089951
4705692
2571475
2679324
5480938
2575903
5487709
5449706
4647997
5440051
1796592
5438414
5442425
5439452
5425747
5431259
5376818
5410511
5408862
5420982
5419058
2768446
1105731
5242439
5409318
5404392
3742140
5359143
2589437
969367
5363812
2863869
3042634
2642872
5354506
3214073
2885817
5353473
5359752
2257365
5236794
5356509
5315709
2661932
1040872
3109830
5332158
5348428
5283665
5322651
5132275
2852175
5318889
5321432
5314609
5296547
4508814
973937
4785835
970334
5249787
4640965
4627081
5255735
1482858
5265992
4500603
5104625
5249114
1041518
5231005
966782
4603108
5152416
5058298
3652863
5193795
2780001
5181267
3039609
5169034
5165179
5164176
5164176
2561940
5148171
5149189
5085817
5096132
5067405
1709688
4778024
1509880
233010
4839607
4847713
4701496
4719326
4759188
3187220
3033043
4997796
4771168
1285658
2454313
2430819
4818544
4809748
4482832
4622642
4794174
4709410
4738214
2838134
4792218
4704683
4760875
3766303
4757982
2922193
3374668
3168386
4717158
4703118
3637115
4740020
4579449
2442620
2989438
968555
3591490
1040606
4640765
4492701
3669022
966607
4579454
4535051
4505495
4552668
2994294
4550059
4527791
4527315
2373245
4511075
1901423
4496041
1039996
1075557
4473977
1495985
4450382
1042756
3110981
3710071
4410075
3584726
3641695
3648765
3743973
3669425
2378059
2315927
3723276
3716034
2294790
3300430
2576521
2567205
3703629
1786421
1322677
2847143
3583581
3589299
3120957
2905953
2277895
2460553
3606930
3615007
3437920
3588545
2587360
2191898
2736338
1045679
2823007
1815944
3447655
2681366
3436419
3430870
3416663
1040637
3389355
3401784
3360192
2575483
3320300
2285275
3292343
3272677
3264224
3270530
3242492
3020012
3175001
3187033
2052255
3240421
3214879
3213909
3175544
3118777
3170895
1974457
2995254
2560395
3122930
3069702
1914035
2440459
3068983
1693598
3050152
3017667
3013786
3014762
2642514
2976368
2985658
2864086
2931250
2960296
2932307
2949638
2922509
1039922
1434646
2913341
2875980
1040566
2865664
1592574
2842033
2831739
2822594
2367719
