3156552
6912136
2619836
2227073
5155132
6957354
6978686
5147664
6973876
6978023
5135879
6975919
6966289
6975083
6518624
5157070
6975276
6971637
3736171
2688491
6965432
6975158
6975158
6971462
6968361
6949044
6953487
6488235
1452290
1521245
6624799
6969701
6967558
6955596
6957979
1410906
6970143
1252713
6968018
1141227
6965442
210254
6955087
4644973
6658906
6729302
6829355
1761996
6888253
6956062
6948321
6870221
6956377
3598146
1891495
5084533
985311
4735956
3357314
6951288
6946090
2859841
6928133
209200
6629240
6895765
6941608
6425706
1164860
6920747
6629609
6771044
6948204
6826280
6954020
6865575
6933369
6928910
6927923
1807747
1162689
987539
1855247
6930130
5132147
6892410
5251423
6932274
6949556
6946937
1838356
6944562
2677514
6942374
1886971
1839269
984187
6944477
1870116
6941246
6927886
5435215
5773701
4445685
5610024
1335247
6927333
6926841
6926246
6882109
6927373
1875524
6788787
5514552
5768470
6827967
6892639
6884705
6880032
6861326
6905686
6897167
6909855
1231156
6876729
6914394
1936077
2586587
5378535
6852831
2498248
5371098
6855071
6444543
1871882
1641004
6925235
4773409
6915232
6899955
5382691
5774662
4783364
2040331
1087190
6853374
6905648
243140
2068900
6435065
6505174
4638590
6812059
6908790
6905007
3359634
5085177
5693239
5037311
6416582
6870611
5807965
5884681
6599132
6905998
6423848
6574667
5286691
6685569
6886604
5303270
6892746
6890000
2623892
5475329
6884549
2848961
6887282
2741099
6798298
6887213
5426824
5776751
5556693
6860796
4789174
6869282
5386589
5399768
6796609
6884838
5309571
1518493
5512042
6879862
6877208
6877182
5852848
6420148
6556202
5376983
6843026
2757624
6866811
6753150
6666768
6863632
6848553
3393817
6868849
6817900
6813552
6871674
6847166
6866033
6825253
6844726
5335535
5000814
6687053
5848837
6854280
5530567
1270797
2648304
6869183
6869183
1143636
5353370
5863964
6729724
5394698
6864616
6821111
6762495
5871683
5800898
1626931
6854018
209893
5594668
2041009
1383028
1668269
6856320
1810294
6783800
5725587
6851713
6554858
3130620
5785471
2942816
2209522
4833676
2613706
5001427
5817349
6851801
210248
6839818
2983080
2580470
5774304
6431712
6503323
6617264
6709052
6846832
1526557
6842384
6836604
6833390
6842089
3426068
5303429
6717756
6835425
6500096
6610667
1888355
6541836
5556078
1209190
6816043
2444857
6717675
6824931
5822059
2891788
5393193
6808694
5797114
5559495
6832549
6828570
1271500
1017558
5414774
1226962
5801693
5541320
6826693
5057403
6815915
1791950
6822211
6810954
6752331
6819689
4799961
2567570
5200264
6609945
6787461
6644756
5035991
5648321
6815720
6809262
6736556
6803087
1276919
6799824
6811797
6807185
6633863
1804216
2334041
6809004
6559821
1098022
6615677
6789702
6807231
6805881
6803579
3035877
5255044
3232096
6805954
1969479
6782236
6786682
6784838
6776162
6763731
6787939
2642714
6726104
2050057
5144021
6781101
6795784
5788255
6796196
6402533
4798492
1622605
6780409
4739440
5292422
4632941
5600447
3217905
1114580
6636262
5655898
1752980
1521362
6680220
1591367
6780499
5176070
6786683
6407146
5783239
6770296
6774056
6784200
6776738
5733410
6565421
1028647
5107036
1397033
2016472
4841387
6673718
4735619
1271229
6734763
967928
4696496
5798817
6765347
6769028
2312157
6772383
6635225
1996544
2514237
1893303
6768973
6753688
1462762
1188497
6742612
6738785
6744269
5830062
6739331
6608343
6754151
6734498
2104509
3092657
6686101
1291439
6517425
6733131
6408560
6533161
1486573
6735417
6751659
6611637
6750033
3310482
1335404
6694910
1556337
6553420
6452686
5437715
6727727
6732855
5352376
5609937
1685013
6652204
1144421
6734720
5490395
5118307
6735156
1323352
1977051
6724847
6576097
5237394
6727736
1035543
6734160
5175692
6732672
6732852
2735289
3213195
3200013
2806770
6724961
5362531
5496367
1009872
6727481
6727481
6725898
6726051
4544047
2966632
3201665
4504568
3318713
6720650
5106540
6693365
6692995
6711072
6711019
6716736
5556988
1252900
2083282
6707704
6708176
5074282
6699636
942708
5745195
1844530
3310139
6693809
3181180
4746225
6674861
2977974
2656137
6688579
1998939
6697456
6694685
6681533
