6979046
6975166
6924694
1851575
6979467
6979467
2674385
2865641
6963873
5124218
6976134
6975436
6978250
6967953
6974571
6974743
4430293
1273477
1876215
6971884
6973568
5713982
1682987
6968016
3350563
1881128
6976136
6977421
6977421
6961731
6961731
6976135
6952277
6929677
1643164
1217865
6897914
6958444
6915269
6781559
5850895
5717820
6974213
6973449
6913893
6970869
6971595
1092207
4755623
5150676
6887064
1592854
1955014
6973583
1974325
6965879
6965879
6964657
6934121
6964821
3012951
6970947
6970070
6891823
6968191
6970422
1334243
6959031
1088183
5894572
2067190
6957401
6970283
6970283
1503411
6967094
6969373
3056764
1975567
6969321
6965169
6968555
5216343
6965036
1075777
6968139
1291558
6749931
6754783
6967194
1466202
5118330
3228003
5804838
2129752
6965114
6950425
6959389
6966221
3025948
2565741
6965295
4433502
6961484
6965496
6963676
6964283
6964955
6505331
6658673
6859964
6962068
1905756
6956398
6955115
6901343
6961528
6902057
6914703
6962430
6882405
6963714
6961551
6939311
6952422
5588136
2106902
1531711
6866868
3080530
3156272
6951703
6960183
6539868
6959050
2419917
1582452
6930225
4551350
6951895
2986520
3025195
6960262
1976433
6867962
2878232
6868616
6958056
1012838
224716
6958757
2276667
6958043
6958662
6957520
2974981
6955885
3192840
6941160
3264458
6956781
6659012
6954064
6955771
6947464
6951449
1100663
3037615
2932290
6947201
6951532
6953448
2153051
2541994
5501931
6660839
6900503
3703765
6744853
6591352
6950132
2541846
2104303
2847402
6762180
6947641
1847427
3209277
6951257
5822725
6950590
6948187
2239074
6949487
6950420
1871486
6940265
1843309
6948677
6923489
2458217
5102635
1859865
2232675
2679981
2669935
976962
3109565
6947543
6941466
2013419
6904402
2128804
986745
6938267
6944788
6852497
6944706
6946341
1865459
1870627
1138598
6406411
6944887
6944900
6930331
6924062
6562640
6944177
5530361
6852878
6943554
6621368
6938000
1860661
6895523
6942238
6942471
6855482
6941892
6923333
2149501
6680221
1034156
6931483
6929700
6924507
6920000
6917756
6914128
6910262
6896164
6895627
6894273
6893607
6893354
6923323
6940166
6933654
6928135
6903588
5061239
2496651
6932848
6938040
1289889
6934120
3597033
1047370
6931034
6909565
2106213
6866270
2011868
6936680
1049790
1846810
6618036
6932868
2424605
6561351
5818123
6928338
240812
5746193
3661584
5809200
6932078
6930391
2014063
6922856
2298695
6921043
6928194
1729878
4574570
2181744
3291012
6428856
6603789
6930062
6924545
3311135
6738140
6929998
6928336
1517950
2207678
6923857
6913633
6890454
6923102
6928081
248588
6751798
6884586
6928068
6607720
6683670
2168796
6918259
3306729
1490850
6919122
6909512
6926055
6925656
2232070
6916485
6915908
1996334
4839241
6923172
1134164
6911090
6803792
5634000
6922579
6905450
2204791
6920277
1178636
1643498
1402277
6795407
3434951
6904691
6920682
6857983
6887360
6655577
6886687
6917864
6918943
6812833
5153597
6901670
6901670
5210502
6451046
5600848
6864826
2716606
6918730
5874238
6911668
6918238
6910501
6916705
6465857
6917445
2024458
6906991
6916021
4545667
6657749
2469653
6905690
6915019
1994385
5871428
4559945
6914416
6913747
2843898
5746358
6909308
6912807
6523418
4416604
1861575
6887196
3364814
1884462
6895737
5600023
2211617
1838110
6633030
6903763
6901121
6897913
6549944
6907876
6906524
953746
6906966
6903099
1760173
5109513
6512004
1308785
6906484
6906665
6906665
6896934
6905431
6905090
6905704
6893742
6901787
6883421
5459989
6897856
6888267
3355834
6903640
6898652
6902058
6866876
6893615
6901092
5884301
6900738
5271500
6832636
6857061
5319698
2533458
1024084
6773538
6791165
6739545
3656852
2590256
6898388
6897923
6894554
3275817
1713046
6897530
6888725
6645758
6897386
6897140
6891636
6894859
6884244
6896354
6895970
4796915
5635944
4492152
1910261
6891253
6894448
6894132
6894267
6856560
2182159
1002195
6861773
6878529
5273215
6888630
6893658
6796067
6891963
6885116
6887267
3153070
6892123
5865386
1187643
6890989
6888865
2385664
6888994
6890785
5765319
1097914
6888952
6889395
1801400
2180329
2507895
6889387
6888944
6800953
2159871
5559049
6888446
6882692
2732863
6886921
6860906
6887841
