3194252
947335
1353123
6979210
6979210
6972653
250981
252061
250862
2987070
1384241
1354668
5841870
5125008
251731
5465029
1367674
6967983
6962694
6966869
6969197
6967907
6562245
6967644
6956117
6941101
6873257
6660163
250948
6964241
6964241
6841642
5056479
6953254
2905878
3149285
2907109
2932760
4777740
6835935
5854589
5220643
6550167
6953709
5387026
3139385
1426686
3171162
5376774
6949782
5155518
1815611
5641829
5158523
4612419
5708412
6903804
6893923
1818726
2481252
2481252
3719617
6946827
3054768
6946730
6947796
988232
2135269
6944197
2618090
1832628
4665587
1477092
6940186
6927069
1665251
948059
6852821
6933799
6485290
4631006
2678792
6923466
1260641
4626751
6620766
6925372
6918567
1358175
6931966
984240
6896597
2191257
6923632
2845149
6916589
1363064
250958
6447481
1063195
6919506
6920753
2287512
6916036
2055044
6909936
6876878
6910172
6912262
1702854
6904844
1786712
6905915
1177016
6898196
5177039
5200251
2066507
6893660
6882727
6662930
6876009
5771680
6895075
6888144
3721147
6893965
6889249
4735691
6875912
6878709
6870337
6880780
4424048
6782334
6587836
2480776
6459261
1417527
1229552
6583364
5283637
6766968
6861596
6854207
5207337
4846924
4768203
2779216
3038160
5555306
5606393
5214695
5140057
1355874
3086306
6851373
6402407
6847505
6825051
6849431
5154362
6656524
5857915
250923
6840593
1258384
1315575
1692913
3744117
6833088
6827732
3387667
1810963
6809084
5382118
6451965
4788118
6815296
2183133
5690048
6804945
6811876
6771534
6794828
6787166
6813115
6798325
6583601
3450444
3244827
6789411
1460271
6679056
3197684
6702642
3195368
2382550
1251206
1621918
3372102
2387199
3765732
6798396
6744058
6790170
6789462
6792349
3271370
6787229
6766068
1381838
3381874
6788438
6778414
6770316
3594740
6773671
2932284
6770294
6720295
1794456
1936390
1361473
251712
5052050
6756227
6737626
6752035
2049997
5395053
6750886
5561890
6749449
6591658
6526808
5723864
5551562
6702248
3296160
6736675
6734750
6719259
6726807
6693774
5534375
1450847
6723531
6724779
6712987
3049480
6710551
6706088
3364683
3330853
5120610
6532673
6658456
6686985
3342889
6698538
6690029
6678164
6685725
6643879
1354920
3738374
6534193
5733991
6677170
6683391
1775281
3115852
1353673
6467630
1365062
5682197
2673850
4754526
5754097
2009304
6668916
6562197
3109241
6660556
6639391
1966342
5563485
1679864
3372226
6650254
6543889
4788690
5718951
5619106
3313513
6502950
985420
6650632
251346
6628345
6602926
6643919
3754409
6635535
5674435
6601510
6523569
6638518
6577271
6595111
5653010
5431326
5564660
5881087
5094343
2355354
3751438
1983123
6600970
2364961
5399051
4821552
1384285
1651627
1840656
6586377
3192705
251156
5453102
6608714
5718839
6546221
3747857
4701351
2880145
3636616
6593305
6581889
2089583
6515251
6583370
2059603
1968155
5282947
5146933
6579073
5696067
2393128
1803057
2057676
4702598
2143228
4469856
5204154
3752627
251741
6559887
238218
5080667
5712883
1066921
4837364
1279448
3621606
5197418
251118
6511387
6537674
251277
6543460
956271
4749375
5078329
6531203
6414140
6527145
3305915
5203316
3627328
3611655
6494285
6511044
6497563
2466130
2431656
5698105
5446695
5324506
1251340
5151094
1632187
4528802
3588115
1966022
1502100
4809239
1372241
4796295
2515569
1647732
6491163
6488721
5754893
6452580
947111
1962673
3319489
6480727
3095904
1355617
6462932
6474726
2551683
252023
6456653
1637913
6452312
5837621
5889965
6447647
5413526
6447166
2414360
6440741
5755890
2317036
2485381
2379379
6432507
4416248
6428990
5355684
4773341
5494924
6415916
6414574
6425900
6425901
6425902
3693852
5557201
5803619
1852535
5833880
3652270
2195890
1453391
5896050
3641434
1252749
5845548
5880538
5893729
5892896
5892934
5639764
5864962
5886926
1881401
3756670
5396104
5876975
2327619
2015421
5836314
5311449
5865497
5863736
1956080
2301060
5853000
5798179
1536154
5451389
5733614
5546793
3168281
3726669
1560704
5823302
5832778
5048514
5809711
5821629
5684188
3602644
1079427
5817961
5808281
5817198
5810098
5802670
5813162
5785083
4788141
1784971
5807287
5789755
5790701
5804123
5747709
5627846
