2748015
5156613
6953129
2358989
6867668
1379056
6964566
2079891
6949223
5252845
2242232
5718982
6928297
6917044
222420
6921153
5554157
6875234
4855345
222397
6738029
6918389
5221483
4606460
6891438
6893824
5847461
4463629
6894136
6896097
4612392
6887960
6889231
4625353
3638919
2245891
6890014
6836000
2109000
2057978
222402
6882253
5376006
6865382
3314001
3610893
6852717
6806794
6833404
5161772
222416
6862733
6866171
1147222
1717617
2438720
2228776
6834596
1260101
5467392
6845698
6839362
6834197
6828786
6793059
4562409
6418462
6785074
6541054
3230397
6679540
6715305
6784260
6725577
6826963
1097343
5692223
6569974
6808283
6783028
6812757
4398178
1439465
5204153
6794467
6793916
5316603
5110929
222332
1589438
6756886
2181281
6786394
6773856
6782500
6770568
2146187
6774418
2066129
5282138
222336
5060031
2038963
6773359
1619994
1297598
2281696
6759420
6547688
5453492
5466146
6729704
4714271
2693003
2201916
3389056
6696283
6738533
3727676
5535722
6664692
5776066
5594720
2337360
222293
6701481
6726100
6699512
6703443
2082399
222412
1374755
5267946
6706663
222342
6694999
2401635
6699324
6514096
6624107
6693710
5537006
5555015
2356052
4855183
5449367
4434252
6658634
2216573
1601917
3355458
5347068
6652393
6569714
222276
6583309
6573990
5834173
4831708
6629340
3633883
3744314
6605846
6617305
4419828
3745679
2584075
6563649
6590671
6573461
2177360
3374719
5591275
222330
5355970
5714673
4814880
4357585
4800951
5650152
222304
6555752
6556272
4764897
6411318
6555426
2555114
6552902
4789808
5407552
2196797
6530752
6511861
6529947
6538612
2169140
6453686
6526209
6538449
5308620
6530273
2862830
5514329
3319618
1507905
2164037
2297402
5360876
2034991
6503094
6432955
6504392
4511168
6473758
6442218
3241804
5367750
2408453
6449106
4760343
6430674
6419466
2146584
3267688
5390121
5523621
5885997
6402385
6418084
5893119
6413115
5896327
5877674
5880730
5873667
5899628
5904118
5904118
5902586
2297987
1523179
2146956
2153357
2371638
2444883
2497000
2493708
4520368
5210705
5228845
5803127
5884075
5884345
5881301
1179959
5854425
2550771
5865231
5819774
5847797
4450967
2124225
5857244
2340519
5517033
4550002
222363
1228271
5722076
1601910
5789961
5816969
3275752
5798763
5806609
2118599
3409602
4531051
5809852
5777968
5617527
2115998
5772991
5746021
5785362
2694920
3164866
5716811
5768325
5759828
5739982
5118309
3676542
3436106
5754558
5749325
5708338
5739401
5746656
1052634
1024893
5737209
5718841
5669345
5724049
5722241
5722286
5689270
1310591
3754166
5709781
222287
222323
4774988
5707453
5639110
5607197
5700073
5701586
5697836
5698720
5659049
5689471
1056507
5687391
5681095
5666550
5681595
5672117
5675625
5637346
5662564
5634248
5637435
5656294
5643058
5666100
5669031
5656544
5657253
5411914
5649739
5642556
5642081
5591563
5636903
5626404
5620598
5618820
5599573
5612456
972671
5608198
5607817
4619431
1239322
4741256
5597910
222334
5517347
5590361
5545658
5553349
5386039
1002725
5579888
5544192
5366903
5562662
5548523
5529197
3639459
5542092
5551743
5481564
1445708
5526874
5520566
5517562
5517311
5478398
5492489
5512858
5515185
5515552
5491491
5510229
5454282
4754672
1103856
5053171
5406534
5503887
5500470
5497356
4543065
5424528
1729694
5484371
5470930
5438460
5475016
5461941
5443036
5464559
5464215
5450313
5450858
3314479
222348
5427829
5429338
5417026
5414359
5425773
5330349
5406061
5405755
5404245
1757223
2282010
5401948
5327688
5337836
5396780
5140202
5393768
5386777
5384832
5382934
5379673
4821006
5373859
222285
5362777
5310019
5340516
5310147
5346633
5302437
5342160
4425027
5215633
5286749
5325627
5308629
2532476
5293072
5295980
2178551
222377
1632849
5267511
5265424
5277640
5052925
5191107
5252698
5274908
5270910
5268760
5269789
5263460
5243979
5254937
5253903
3430234
5246462
1804834
5236044
1053080
5221452
5203860
5216147
5202836
5207942
5197127
5179643
1565919
4827929
222360
222387
5100087
5178624
5143349
5111046
5153848
5112245
5121489
5118478
5089143
5070384
5089242
2584586
222379
4867023
222358
5035782
952160
5057924
5049713
