2611195
6978502
3020453
6955975
3185767
6978567
6772703
6967803
6979233
6979244
6917494
2725323
3383691
2630114
5339829
6979226
2168191
6893395
6979335
6979335
2615092
3559423
4803246
6939225
5498267
6897842
1114819
6978718
6978278
3330003
6916210
6979215
6979215
1945259
6978907
5719371
2675387
1829618
6974879
5120885
6974749
2650264
6962905
3039599
6974811
6978984
2887346
4790249
6979044
6979044
1869824
3429722
1720825
1488675
6949615
2860168
6977758
941701
1820853
6951142
6978011
6955890
6978241
941212
6962963
6964020
2733569
6870400
6977529
3073316
2632374
1152940
2487811
6974127
6897991
6788546
6971489
1902907
3592577
2693341
6974138
6970615
6975748
207146
3385773
6974125
1216711
2707439
6975255
1090222
6809086
6975120
6976387
6977407
6977407
1232783
941165
957603
6817522
1959632
6975734
6963288
6963673
6970807
1944121
6964901
1903259
2749530
1111440
6975013
6597124
6972340
2210831
5784718
6971777
6959728
1888968
6956488
940828
6883400
3425186
1443522
1991642
6900155
5767628
6927943
6975387
1427921
6881423
2110740
4615115
2244815
207116
6446949
1582877
6973982
6974641
6878969
6973916
946967
5037850
4770015
252958
1402696
4773220
6952256
6974710
6974710
1759066
6951281
247538
2879104
2800582
6970254
4496142
2923810
3058080
6970948
6700003
6793042
1993387
6807940
6879281
6973826
6973826
1424599
6971914
208214
6968543
1934665
2516457
6972853
6970825
6971733
6973157
6973157
6970964
6971807
6960123
6970113
6971832
6856498
6970978
4802707
1949566
6428883
6870277
2442755
4849199
2146839
4780538
6971758
6971984
227491
2305904
210192
4748323
6971923
4835349
1367579
3180378
1093500
6667726
6972245
6972245
1832061
6957938
3690772
6971154
4794158
3139568
6967689
6961453
5426453
6970760
1350662
3130647
6964496
6963283
6969474
1256223
6970672
5808769
6549459
6971351
6971351
247862
6971091
6970975
6503911
2806706
6967960
5322567
6641259
6889572
6967837
6949102
6714091
6964126
6948858
1964853
6953723
6965330
6969782
6967611
3720572
6970356
6970356
4830423
6967781
6970269
6970269
6968275
6950088
2416812
6961580
5198078
2844462
1209323
1213199
2858703
3127701
3134080
3258198
1769459
2046139
6960846
6961017
6965653
1775136
6964881
6965918
6954386
6964477
6967691
6926909
6967683
6960911
1783904
6967289
6951435
5699863
6966422
2940497
6964359
5383538
6960071
1232795
2971259
6963151
6961912
6956502
6832587
6967186
6967186
6964709
6964332
6775553
1507218
2144325
6724724
3744881
6955308
6965254
5062556
6963868
6855454
2117665
2259967
4787441
2316397
5257608
6628639
5128309
2487718
1096581
6567144
5860780
6963803
6965301
2622547
6963989
6920131
5421731
1657547
3308719
6964410
6569770
5803573
5386283
6839369
6963333
6676421
6952031
1292731
246671
1932445
6964540
6964540
6809410
5197021
5668938
2199707
6962064
6964258
6964258
6945243
6954995
3359415
6963506
6641092
2811292
6954646
3675176
6953667
2139772
210014
4822037
6962656
6961900
6960879
1738818
1081131
6756710
1111553
5457241
3009580
1652585
2265597
5608130
6942968
5689614
6961749
6961499
6961933
6961474
6957199
2189705
1677304
6953637
3292978
6953249
6754262
6876823
6533038
6961342
6915464
6951576
2324616
6951163
5585687
1007332
5883883
2201127
5850739
2942948
6961184
4804910
6897184
6959754
2229228
4520604
1328015
6686948
2039281
2972259
2949652
3044269
6955138
6949458
6960198
6885448
6961239
6958091
6961217
2966675
2969869
3420025
1714085
6953030
6959416
2973769
5594446
6960784
6746353
2934363
3049054
6960177
2959084
6958481
2877295
2875177
6947067
2903281
2748063
2885451
6954878
1964895
3031799
6956312
2742567
6958888
2728834
2972410
6958423
5157355
5050392
6955013
3678812
6948158
4846096
3013909
6917953
2937249
6952940
1221025
6957855
6956868
5489771
6957765
2001506
6954583
6956928
6949391
6950960
6952276
3133816
1880313
5377267
3321670
1272846
1475237
3028878
6941832
1147666
1481303
6951305
6955853
5254529
3037623
6956245
2595958
6954269
6955306
6949203
5316161
6953688
6930900
1433011
5463241
6887530
4806196
4724322
5190930
2889584
6843348
6954459
3050806
6803242
6954535
6954672
6951548
6892801
3165860
2816298
1904367
5090003
2081781
6855842
3033332
2180680
2177406
6936524
6939878
