6979619
6979619
6971942
971451
1049052
1260884
6960533
6962610
6948453
6910613
6631878
6957617
1208519
6956982
5171944
6943716
6951325
2166205
6951336
967390
5158572
5891195
1029166
5412756
1922236
1050264
972213
970867
1834768
6938738
1053879
6909510
6770963
6867902
5507296
6719759
5246201
6551625
971413
2249626
5053378
5206876
1431860
6923055
6868091
6576059
6705618
1880946
6918897
3687052
2283017
5215423
2070981
3266143
6903860
6701173
2118865
1490342
5309372
6542367
6887992
2783334
6881062
1966947
5035947
4664656
5373575
6866491
977652
5685642
6756435
5607655
3626496
6573644
6823780
6778407
6739248
6826549
6812314
6812314
6789232
3339946
3382577
1787775
6825880
5818969
4552665
971888
6813932
978628
2769425
3629804
6756173
6808972
4461490
4646367
4830968
4467297
2220738
6786835
982098
6779481
2568349
3180456
6552395
6400191
973146
1417969
4464684
965559
6684320
2584509
6675082
6436208
971729
6740800
3752487
6699429
5791751
6724848
6721815
6721815
6715806
6704433
4763947
6590831
5938958
1052372
6689582
6700830
6686092
6572460
3147076
6635700
6662973
2023577
6609454
6649639
6651390
5575271
6652134
6627541
2568287
5873151
5158368
6637582
4860955
1755804
6637126
6645088
6646893
6420374
6639899
6638911
968705
6505382
1450487
2331585
6590783
3587946
6618934
6616769
6600177
6591388
6542013
6519349
6561862
6510300
1023588
3097660
2440813
2633467
6538310
6432175
6506920
6549748
4440224
6535463
970156
4794117
6534413
5827390
4486759
4454417
6480072
4702848
5136722
1604952
6513194
2718574
5721772
6474085
3238457
6460942
5346315
2675193
6478381
3751268
6459628
6457473
6439199
1602144
6418790
2179611
6418910
4602924
2537178
2660408
5903634
5888204
5877195
3619281
5874020
5870212
4570814
5864405
5850736
5864569
5282014
5809897
5852365
5442796
2289899
5745780
5071529
4508034
2068839
1081478
5809407
5818620
5317062
5782547
5787681
5669824
3050819
1236191
5737384
5784504
5302480
5756247
5755407
2225596
5768285
5763598
5731594
5733245
5759664
5753031
4556052
1331738
5707877
1314927
3613215
2035617
3383889
5722783
5730512
255623
5547102
5628736
4867311
2548629
3639266
971143
2861093
5657979
5522084
5592710
5646192
5632814
5210973
5630394
5624703
5555488
4527838
5495549
5602045
5421732
5592526
5584263
3750957
5464003
5563007
5439652
5555431
5552438
5444677
5487945
5541504
5516433
5468200
5428634
1702996
5493518
5100662
5524894
2852569
5478793
5506625
5498875
2521541
4591475
5486941
5489088
5482751
2787998
5447275
3394325
5398432
1190784
4832917
3128589
5161224
1264489
2102678
3566209
4543513
5229723
2306993
5429373
5430213
5421748
2131422
5157653
5413118
5330863
2684911
5358493
5393456
2142799
5331071
970097
5324759
4405011
5324808
968275
2681951
5257062
5093140
5304051
5261290
5204214
5303564
979749
5285323
5235638
3361083
4603407
5122679
2967804
5186300
5197691
4560689
4765005
4659018
1897270
5188209
5180058
5119871
3754679
5166896
5152841
5094560
4587518
5134566
972081
3336031
5045748
4735469
5096743
5100572
5100388
5092040
5069573
5036887
5062384
5057379
4766347
1496965
4808611
4855442
3033159
4848818
4822107
2652089
970905
1980701
4716710
4836597
1764075
4803524
4635601
4829688
4563415
4630942
4500317
4810273
3724409
4459776
4799391
4809030
4768206
4786510
4768299
4754538
2380306
3057515
2861576
1050326
4611558
4650653
4735543
4540221
4732520
969702
4712049
4706420
4659808
3747871
1778301
4631970
4650258
1602665
3274310
4526541
4581751
4609739
4480002
4617514
4617096
4546254
4528714
4435722
2412030
4566025
4583646
4562944
4562550
4553513
3750475
4476385
2173760
4497689
4512786
973278
1778362
4499906
3577390
2500973
1443009
4453682
4437037
4439268
3073189
3752225
4395932
3738338
974621
3727086
3680121
3720163
969065
973522
3697480
3364897
3377806
3635657
3645741
1869527
3450653
3613031
2375482
3432728
2549837
3250818
2113371
2586429
963138
1305056
239158
2914128
1883143
3425863
3421627
3364926
3040298
982297
3310269
3270876
3335852
1481854
3314951
975372
3295139
3280135
2937435
3171775
3213459
1280935
2228034
1348103
3197960
3170594
