942900
6921503
6979383
2152611
6977320
6979395
6979395
6978167
6979287
6979287
1699182
2237197
2610462
6977245
246112
1565036
6894600
247410
247130
6977056
3185628
245962
6718823
247544
6964622
2625669
248204
5119072
6739318
6969486
249045
6969841
6972837
6969155
6969635
6968534
246375
6970704
6974527
6974271
1508562
237640
1707587
4663313
242339
1679184
4807223
1607495
4616615
6689896
5438629
6973988
6974566
6974566
1244693
6971528
6954715
6964737
6973129
5376016
6964551
6666050
5332341
2936652
2695603
6973456
6973456
5526346
5773750
2968084
1673949
1542577
2643383
6971058
5425088
6556380
3050826
1859347
6842599
5344075
4770507
4827980
6596285
3172551
6695275
1206388
6966285
6971000
6971402
5456072
1263531
1345305
3021369
1163756
2743348
6568491
1176952
1382791
954975
4512292
6969335
2478464
6958975
2566177
1235242
6964887
2087949
6791912
5525415
6967407
4600871
1845497
6967684
6868692
3152774
5245550
1578724
6966450
6960444
1387913
3248762
6961990
1158185
6424959
3378222
1585672
6866330
2296696
6803731
2117669
2693486
5476929
1691017
2427870
6960029
5598157
6963214
6961266
1458905
5048510
1201386
5072068
5393893
2961150
2654251
1415808
6692585
2986536
6960720
5086088
3611113
5412931
3610018
6959725
6935062
2903229
6960667
2978180
2918627
3618716
2214640
5123124
4621821
5436801
1185876
2907316
6890732
2967456
3657807
6958993
6954930
2905986
6957671
1770587
5441266
6957240
1245721
6958537
6957069
6955600
3441922
6955016
6945455
2461776
6954213
2675589
2709314
6945542
4457464
6654109
2266415
6951507
6516320
5533532
6955069
6956121
1825164
3039542
3263262
6949440
3050776
6954917
2660068
1793401
2280358
2685986
5182714
6953812
3033294
4754349
5377300
1340048
6951482
6953444
6954500
6606766
2411834
2576614
2897162
2139285
957432
3242213
6948881
4759788
5710438
5658740
5903616
6835187
6855095
2293756
6858534
1817487
6948974
6626268
6845476
6950926
5127976
5134223
1867716
6939674
6949816
6524145
5825646
1152925
2164305
1220414
1343742
3587784
6927964
4705608
5694161
2271287
6945491
1873826
3750111
4648033
1142586
2304229
2113493
6946120
6939421
5151235
938120
238347
6944753
6943864
4414272
2611893
3094623
5358618
5151938
249053
2223529
3744051
1954308
1846459
6939720
1345208
2999428
2880104
5159420
948839
6920731
6931875
6936703
6866431
6870178
6872752
6879483
6891082
6898508
6929201
6934732
6935031
6940783
6944337
1888437
962828
6938957
969618
5354177
6942605
1995869
6932764
2623234
6941208
3372967
2286908
1094523
6929065
6932774
5831953
6940866
6938175
1702561
6705480
1881359
1981379
1339550
6939080
6818215
6936298
1168406
6938837
1870908
5714127
4476123
6784082
6938234
6929875
255220
6927125
6935015
1696907
5265281
6936675
2768063
2283595
245760
6923404
6934771
6920504
4514825
6907258
6934818
1088204
6932210
5226614
6559700
249786
4709416
6837030
2560903
2882156
5891745
2765235
6918806
6925759
1135068
1769706
6931024
953062
948339
938643
976668
6919927
5385348
6932612
1090641
2462139
6930083
1779035
3313286
3619937
3734209
2126180
1346967
6922996
1103341
6928445
6920048
6929574
6928093
5551818
2280911
6924444
1093120
2200200
6927406
6924519
984375
1936229
6927010
6924300
2687286
6893595
6917995
6898342
6898877
6898902
6906754
6912406
6917436
2881331
6925461
4469094
1089518
5440960
4469615
2101463
3276982
5190020
2852477
6924302
5425026
249120
3324634
1913157
2188758
2010658
6923480
6924455
1517158
2429670
4502684
6511185
1115830
1254645
1261800
6922902
5809666
5188185
6922906
1742843
6856390
4564186
2601633
6899344
2684011
1069626
2752482
2928792
1732544
3006281
4464917
5640392
6513288
1207168
1571453
5478100
5166131
5472619
6918929
6887815
6914301
6799926
6539234
6100728
964949
1079211
6916896
6415607
2728107
2558331
5238873
4620590
2974745
2166322
6896359
5882600
2614475
6909736
6909721
6911114
6915439
3063783
6879388
6912039
1099639
2358744
6913514
5620312
6909479
981549
1178524
6912494
6906731
6905858
1255388
3745642
2951035
1344434
5391428
6906354
1032547
2787094
5302801
2537096
6567904
250196
2762800
6635560
5434589
6891782
