2416870
988497
1872214
6944470
3720085
1004523
5232063
5189365
1028685
6955243
6946488
6877036
6904699
6910193
5304043
3342976
2968034
2901006
1491384
2675057
6907866
6910595
6802735
6951019
991362
3113794
5596059
2626947
6927543
993814
983079
1847745
1860064
990192
1824684
6944504
5046466
6599909
5137278
988762
2235501
2130633
1996160
6908372
6930050
6932277
6609318
6932079
1156250
1133523
6878329
1411092
1660545
1687260
6694893
5045569
6768693
4563364
6920596
6920596
5507326
4854821
1300731
5508582
1030363
5254171
210101
1893661
1794028
6485184
6882093
6867448
6574304
4640719
5905227
6855148
6548728
5280919
2135016
3289506
6863450
6597107
2059051
5118266
6877156
5687112
990094
1028634
993541
6862693
2519765
6775549
1768922
3234298
6818786
5200564
3734457
1063964
2047236
2441178
1866289
6598257
1209202
6837706
5903806
6837498
6837498
6831877
2191207
5135837
1462302
6661083
6604881
1362867
6749454
2186949
6781038
5316470
1034620
1509569
5117287
947311
4660998
6784770
1025649
4653471
2061097
2458033
980980
6771220
6765131
6633656
4474599
6602612
6730221
6728536
2276428
1450912
1013268
2563613
6736496
4521585
6728844
6628971
5163659
5894384
3327920
6719495
2794365
2116598
6709273
2212982
5468623
2406144
1029999
1215245
6672979
5360276
6680399
6616820
5412004
5697116
6432988
4734441
4868264
6676400
6661535
6623177
5755759
6546104
4631830
5620028
3640159
2273802
5115084
6490049
6427973
5333302
4853793
6604065
3351868
1158851
983019
6490331
1952127
945895
3727917
6583899
6587203
6595018
980946
1554326
5873605
2484706
6585882
6521518
1025622
6572376
983311
6531485
6584224
5429638
2391302
6565318
5877041
985331
6551364
2492987
6559446
5461059
6485626
231602
2011182
2611394
5819789
1685118
6525159
6483089
6514759
5679458
6499391
3201057
6435300
1059935
3324162
6518955
3252286
6509672
6504689
6495005
6488246
6502929
990180
5120490
6479201
6477640
5559484
5613946
5896904
2398321
4724043
4457467
6429482
1222134
6415642
2779697
4603008
1029028
2560495
1028984
5768237
5891492
5886639
5854037
5895862
5895415
5857296
5878484
987580
4812387
1193589
5871447
5847989
5529588
1028378
1025624
5195813
5755035
5843478
5791647
1024531
5834950
5702955
4558734
4610280
4652163
4759218
4770968
5134365
5273382
2446301
1361908
5814419
4599778
5546493
5791831
5657245
4852590
5724374
5765008
5650635
5711558
239677
5683656
5684418
4725984
1320554
5738940
5650000
932779
5628707
981635
5715324
5726138
5684123
5651563
5668284
5347032
5683655
5061791
5604670
5718334
5670685
5670255
5676652
5692639
5594878
3019150
5688704
5674565
1796340
5662609
5664795
5661437
5658065
5651100
5642710
5223920
5626904
5517697
5617988
2745154
5612469
5545941
5374082
1769017
5616318
5611695
2842210
5602121
5602588
5531307
5579597
4625023
2018270
5595625
5587547
4410484
1939597
4850656
5049528
1511245
5559236
2280901
990783
5474538
2461152
5570415
5567394
5174937
5522602
5549453
5545616
5509482
2841779
2542922
2527461
5387893
2541614
5431862
2006151
2286118
5516904
5514418
5384268
5499625
5482057
5182875
1594650
985498
210010
210065
210068
5452822
5363781
4761796
5468152
210084
5280507
2003444
3424450
980919
5441258
5441258
4654982
3431953
943772
5390282
5363678
5398712
5384446
5412639
5415978
240645
5417216
5416366
5400770
5411554
5400111
5405295
4779988
5162957
1585253
5392292
5391158
2040390
4408268
5324753
4549938
4839913
5361408
5378034
3326504
5382871
1867348
5189321
5378261
2213132
962963
5369887
5351814
5267944
5189082
5350399
989718
5215987
1980201
2140499
2496577
5276484
1343918
5330833
1482952
5317137
2387091
5314612
5315619
3211976
2126383
5304654
5293178
5295094
4443296
5302542
244023
1026198
5293428
5293936
2764948
1523084
5248663
3297755
5278899
5239338
5227802
5259264
5248084
5251247
2272266
3019565
5090302
2454895
985548
5197623
5214830
5180791
5077628
5233347
5222637
1707614
5120331
5216920
5220854
966551
1824965
2580018
5214057
2377872
1040476
3181316
4743335
5213296
5213288
2814961
5206958
5204362
5186278
5212489
5107294
5199875
5149358
5180786
5195129
