6879346
6979120
6975912
6979208
2078269
6949151
5102237
3418956
1881828
6979000
6979000
1688655
5283227
1090190
6974954
236069
2643945
6977567
6978456
6978456
987609
6894076
6974251
1727403
1691537
2886803
1515720
4857423
2265413
1869644
6974920
6977158
5543835
6975359
2822201
248528
6974786
6976336
247165
6976621
6959865
6972051
6972967
6974615
6974918
6969779
4803639
1463095
5705099
5213060
6969616
1151079
6832252
1402839
2632130
245236
6685531
1259325
246641
5672445
950953
3611827
6962362
3342220
1841163
5048680
984158
6974132
6974132
6957213
1260302
6972799
3248813
6593508
6931701
6749625
6894387
6441906
6971967
1796726
1894390
6972614
6972614
5556482
246386
4557201
6968986
6969247
5594584
5288726
6964474
6968974
1356550
6962989
6967300
3229059
6955502
5862428
6969884
4419083
6965252
6958326
5501237
6956515
6968818
2942710
6963087
6895446
6959705
6966566
2338346
5281097
6963543
1436462
6964581
6865241
6957934
6967135
1133975
6954084
3722685
1536476
6962333
5218544
3011311
1917001
5870502
6960353
6966234
1440423
4752005
5200658
2959247
1133973
5220208
6817345
6935751
1145419
5339360
964960
3196055
1194569
6965181
6961820
963659
4618439
6902725
1979597
6960163
4469228
6963654
6963654
1435325
4617616
5628677
4474232
6962382
4825191
6960301
6960391
6953194
6942947
6943399
6962203
2955239
3675188
1877145
6961140
6960683
3009197
2941604
6959221
6959434
3044838
6961435
3670513
6959956
6954997
4774432
6954524
6953011
6959635
2742592
6947772
2926724
6910537
6958646
2932958
6952354
2630731
6958159
6954586
6956300
6957417
6957893
6955229
2875032
2891410
2832365
6956052
6799043
2680304
5453917
2239840
6953885
6945454
5556345
5528262
6954166
6954090
6892242
5073943
6954702
2697362
1393608
6954883
1056083
3315683
5610094
2568928
6952589
3431714
1403833
5290952
5477305
2241575
6952531
5649474
6952685
6951503
6952282
2945191
6952468
6951652
6951990
1815749
6951713
6949820
2505748
6525441
5139274
6950077
6943287
6876721
6950318
4751256
4809300
1266948
5115685
1178814
5517977
6861272
5576534
1987718
2805945
2321116
6946530
248664
6949595
5689829
6944826
2796197
6944139
6943371
2129837
1874395
2627122
6944327
6931763
1875904
6834083
4426126
3023708
1837106
2883685
6944772
6942725
2185235
2624091
6941481
2987486
4657514
2850212
3687683
5329889
6944405
4601820
2652676
6945458
2623266
6939084
2813937
1848930
3060935
4561183
6847736
6737492
4822645
6944323
989212
937769
5757676
6408127
6853832
1374913
5125213
5621541
6940314
6942490
4838527
6940855
2398972
6938095
6927655
1167249
1504282
6939908
5194455
4568263
6819147
6927235
6928962
6938594
6932139
1152101
6935718
6928112
6941700
6940329
6939020
6940291
1386461
6930633
1059218
6941190
6802081
3654248
6922472
6940290
6666941
6885976
6884733
2865439
6939181
1969644
6937094
6932176
2215557
6936133
6931869
4396639
5241344
6925225
6929168
6934714
6936766
6934215
6937161
6930490
6631272
6934688
1302152
6866805
6934047
2968664
1767368
6588049
5099135
6933842
6930278
6928090
6926691
5096753
2530397
5513950
6681283
1224686
6927179
4633759
5379241
6932746
6931866
6931524
6931032
2378307
5838327
6931800
6931525
5524844
4499230
6873450
6549145
4428050
6931640
6916558
6930275
986288
3357762
6928314
1519713
6928441
4849144
6927753
4796664
6926340
2088538
6927741
6927166
6780675
1825210
6928304
228676
2058208
2677311
5429989
2746519
1104951
1687001
3678834
6915600
6927393
1089024
1859061
6819049
4455944
6926378
3391713
2651748
6926581
6925896
2558898
6923264
6802391
6462473
6925753
5405994
6683056
6925856
6922653
4572166
6925554
6925257
2051567
6925187
4597673
2071381
6923902
6924994
6917603
6925331
6826794
2232639
6919775
6923777
2475659
6924696
6917695
6920503
4460492
6923449
5819783
1777068
6922900
1833675
6749111
1781119
6923675
6920580
6920346
6915348
6922220
3345717
1855990
6920502
6920686
6904599
986960
6921495
5673478
4488317
6901776
6914272
999762
4819180
5166766
1883548
5472885
1454860
6920688
5507253
1679572
5380942
6916578
6849293
6690181
1872253
1800712
6918105
6649194
6905299
6810127
6919133
6861919
6724684
6749668
