6838476
6971196
6535773
1859915
2154502
6979022
6972138
6975930
1462159
6969542
3168794
2740206
976098
1372085
6976195
6976742
6975069
6975631
6974962
5143294
6972690
3056385
2813178
6855895
6974412
6701200
5575797
213384
6923802
5578888
6923664
6875721
3333819
6973306
4771400
5137059
6966053
6972086
4657310
1932053
6971036
2884435
6965160
6969656
6955767
6970052
2940068
2902780
5127218
5222516
6962452
2048811
6955470
6967617
6961983
4493189
6729975
4494701
1231926
1590557
1082153
6963936
5564609
213348
6953882
6950519
4634131
6960081
2658452
6959541
6955683
6957400
6946016
239874
3000429
6955454
1339255
3668827
2667048
6936072
6950855
6908818
6951226
6949301
6949848
6947851
5488258
1112334
3250943
6947465
6951528
6907625
5595394
2298929
2179399
2203727
2614627
6929711
2936267
2413293
1460442
1950826
2785645
1336867
6931766
6941891
2306060
6945146
6944864
6933258
3049974
1178340
988370
2118357
4553527
6451679
2030783
6939450
1103263
3742259
6693951
6943188
6943188
1932743
3758319
2747178
1334286
6932730
6932942
6939545
6933657
6917505
6931607
6933912
6935994
1556195
3347456
6932284
2538083
6933680
6891989
6927778
6928933
1606038
6922588
6926353
6928948
6931982
5819379
6927935
5711797
5313518
974582
6909436
6926158
6925700
2841616
6918841
6912864
1207967
6830274
6918742
247216
2910906
3717525
6808161
6763097
1502238
1004432
1075907
6599230
5754627
5334766
6912046
6905644
5372315
213408
6908885
6909326
6427684
6901234
1894293
6890222
6905655
6895999
6905860
6898219
6892518
6896318
5675273
6900254
1218617
5312626
6900373
1031009
2736435
6876676
1505750
6893765
231783
4617857
6877073
6888401
6889262
1019259
6887042
6406165
5497229
6885036
1563689
1086374
2116450
2470749
4449349
6885792
6887768
6838423
6885476
6856061
6871593
6881755
6881836
6882900
6884625
6877851
6872869
5551914
6441609
6664095
6878197
6475937
6843238
2108457
2603805
6877175
6861469
1028610
6878373
6875970
6872926
6873148
6873177
6856737
6859342
5861867
5561802
6844380
6861524
1308586
6627019
960475
6870116
2642681
5366051
6867474
6862714
4638419
6857538
6862966
2486815
6775101
2538732
4591268
6858239
6862471
2866301
6859402
2420904
5647938
2469442
6730805
1077064
4709961
2394871
5844596
3287232
6836902
6858626
1423503
6824192
6774212
6836532
6660136
6839504
6847454
1400518
6828111
6844997
6841659
2008686
6728939
6848112
6850207
2110417
2047452
6848107
1574712
3313797
5828540
5896591
1037280
6468213
5214326
3271774
5602637
6839647
5384585
6837350
6839926
6845659
2867758
6839298
2365649
6832222
5413022
6836790
6835393
6835550
6837541
2669555
6440809
6835482
1173923
5276466
6831190
6831883
6778348
6832754
2700929
6830741
2560392
5607088
6830713
6828088
6825050
6755106
6830032
6829316
5136513
6828745
6824454
2889267
6826105
4513490
213300
6825547
6814983
5434968
6807639
6824193
6823136
2406294
6823828
6814690
6589941
6817226
6617240
6821774
6793697
6814954
6807881
2557268
4588163
6588135
4788599
6817643
5715783
1077997
6707366
6728731
6812053
1405961
6805774
6805842
6742941
6807800
6651287
2322507
6775917
5213219
4444281
6807432
6794631
1462207
3703732
6801557
213419
6806820
6808027
2192918
1666445
1461646
6791578
6803256
1202632
6790033
6795845
6772891
6803887
6646121
5753027
239744
5532493
6794736
4748734
6797927
1076483
1454843
5644423
5742139
5639445
6785643
6798671
2045646
2385435
6797930
6761109
2341899
5247764
6678650
6797610
5825357
2237046
1753638
5846374
6796284
6796284
6707465
6793986
6793986
6793942
2544445
5384559
2429650
6651721
1399556
6788021
6791896
6685005
6783697
6776000
6782085
6567052
6780013
6783014
6654084
1188756
1410558
4442651
6788247
5344637
6786543
6783404
6783358
2850639
3037323
1801928
2168792
6784794
3010559
6782589
6764717
1280515
6780960
2446386
3697969
994065
6773256
6775692
6773127
1283269
2649303
5672607
6770740
6777993
6774797
6774836
6773610
6766052
6744865
6777061
4609010
5199441
6778492
6778492
2885200
5763529
6777090
6777334
6777100
6775529
6776284
6775952
5206677
6759729
1017458
2686164
6774948
3759159
1837070
2404837
6507616
5396922
2725919
