2963393
3018318
6954865
4400335
6896273
6738680
6905824
6877056
6889105
4795807
6891162
6887715
5157330
6808990
2307254
6821562
1065191
5892501
4663564
6767818
2074990
1603237
6725089
6725089
1048870
6558559
6550403
4640069
6527757
6429365
6426874
5729138
6412152
6443849
5695336
6441527
6421299
5881438
5830592
5865720
5830597
4419802
5830588
5750640
5739701
1800195
3341830
5671682
5669655
5664471
2656196
5579603
1063102
5532112
1061252
5526812
2928453
5463804
2480672
5392228
1063713
1033920
5319267
1155480
5247654
1067770
5239550
5191347
1062988
4792187
4404661
4834013
4838564
1047987
1061470
4651183
4790675
1061218
4792339
4654036
4744020
4647610
4651189
1067159
3131269
3673259
3750637
3756616
1063601
1063048
1234879
3759527
3262330
4434496
3631248
3151171
3621612
3098605
3088728
3088728
3370289
3308412
1064072
3353433
3037527
1067477
3312612
3272371
3295365
3237063
3221509
3095622
3166698
3202932
3122307
3183626
1061894
1075292
3070315
3100440
2739372
2967905
2894192
2244140
1072426
1049621
1907136
2682344
1049556
2737590
2656335
2713520
2675533
2655388
2312615
2585098
1074579
2305089
2568300
1061601
2616187
2518103
2369261
1735968
1067052
1065611
1062096
1048625
2334439
1316797
1958032
2106541
2264513
2291126
1351706
1051039
1299013
1048776
1946874
1974667
1050100
1067589
1763232
1068290
1699815
1805213
1064349
1626064
1382144
1049537
1534773
938435
1275563
1048873
1234835
952975
1038826
1069581
1063844
1065596
1064736
1074082
1086974
1080318
1064506
1071190
1061957
1072268
1072344
1069003
1070630
1070393
1065430
1067153
1069734
1069371
1068884
1068718
1065705
1065092
1064662
1064250
1068052
1067676
1067258
1067174
1067039
1064280
1065354
1064614
1064755
1061907
1062673
1062889
1063507
1063548
1063526
1062215
1063347
1063126
1062862
1062695
1062660
1062643
1062596
1062364
1062180
1062078
1061843
1061872
1061680
1061272
1061475
1061337
1061192
1050816
1048585
1049882
1049639
1049535
1049130
1048973
1048921
1048738
1048415
1048297
1048179
1048107
1048077
1048078
1048014
1047929
1047915
1047931
1047876
246099
241342
