2416870
209807
6944470
1828993
209756
227665
206219
209692
209748
1028685
209721
6955243
6877036
6946488
1279532
6958156
6910193
5304043
6914678
6963312
3342976
4433914
209702
2968034
2986978
3042684
2901006
1491384
1351823
2675057
5118249
227728
6653037
6907866
206227
209806
6910595
6802735
227821
6947191
209744
209696
209759
209021
1072755
6951019
5645930
6953760
1799774
227902
2257526
6950696
2149983
3761188
2123288
2451010
5596059
2626947
3026536
1821269
6918984
209779
2259375
6947187
1827788
3444042
1847745
1860064
6794749
1824684
6944504
6599909
5137278
2235501
2130633
1996160
6895370
5158839
6930050
6938359
6938359
6932277
2098538
227874
6609318
1355175
6932079
6932235
6444446
6878329
1411092
4477755
2640756
6910064
5045569
6768693
4563364
6920596
6920596
4447861
1537765
6907466
4854821
5254171
1353902
2462641
4866697
4774114
6761657
6902144
1893661
6716098
5149755
1794028
6847133
4761587
5893239
6485184
6698103
6705155
6708009
6801094
6882093
6531055
5190077
5781798
6440502
6574304
3665345
5905227
6855148
6548728
6894981
6803828
1190742
5345973
5280919
2135016
6647764
6863450
2059051
5118266
1140690
5687112
6764328
1028634
6445549
1384378
6862693
2519765
947159
6775549
6826445
4460026
1768922
3234298
5444433
6818786
6844619
5850310
5673358
3734457
1063964
6792158
227976
1209202
6837706
5730180
1351009
6837498
6837498
6831877
2191207
5429845
1462302
6436398
6797709
1373066
1350939
6822890
1350824
1362867
6749454
2186949
6807754
6781038
3414750
6791797
1349039
6798970
5316470
1034620
6790720
1509569
5067007
6548001
6789452
5117287
6790216
947311
6778424
4660998
5374725
6784770
6774692
1025649
4653471
2061097
2458033
1222391
227774
2508374
6738234
6772706
6772548
6764780
6771220
6767309
6737513
6765131
6752325
6491980
6752498
6602612
6730221
6728536
3060937
6747132
1868680
5194646
6700411
6743744
2563613
5385804
1430175
6736496
6727713
1351744
4521585
6723779
6728844
6628971
5163659
5894384
1288075
2174792
3327920
4398065
6719495
6590681
6701179
2401582
1288304
227756
2206129
3684614
6709273
2212982
5468623
2406144
1029999
225421
2056689
1706267
4650741
3353041
6672979
5593156
3626750
5360276
1709207
6361402
6680399
6684817
6454825
6525800
6674321
6616820
1439884
1735766
5412004
5697116
6432988
4868264
2848492
6676400
6661535
958460
2904941
6546104
4631830
5620028
2912899
227778
227866
6427973
5313980
6629173
209784
5333302
4853793
6604065
1158851
6408858
1354152
6585505
5519032
6567241
6470934
4452728
2043091
945895
6635928
6583242
6583899
5385882
6587203
227832
1746196
2629005
1554326
4404967
227967
5413911
1650862
6551691
1570018
5784751
2623419
6585882
1757622
1355958
1202456
3086910
1028747
6589587
6572376
6531485
6559919
6561397
5429638
6578980
2391302
1381670
6565318
5722898
5426836
6551364
6564221
3583701
1288921
1153270
2565316
6562773
1459559
5501942
2492987
6559446
5863968
231602
6542293
6525159
2210163
6483089
6420481
5679458
6499391
6526448
3201057
3044661
6435300
1059935
209812
6517384
227721
6506258
6518955
3252286
1368910
6509672
2206128
5315531
6504689
6491837
6495005
6508641
6504375
6502929
6501901
5120490
6474394
1352343
6479201
6474426
6477640
1354092
2889834
6461952
5613946
227739
5896904
3588549
2398321
1988671
1951684
4835718
5952128
6435459
6435885
4724043
6424934
6429482
6424457
4408950
4611650
5140726
5512899
3708132
5192074
2353463
4834160
1222134
2779697
6275830
4512529
1029028
2560495
3329341
5902346
1028984
5879757
5891492
5854037
5895862
5895415
5678640
5857296
5878484
5882677
5882508
5882508
4812387
5878802
3269984
5871447
5866879
5832297
5839000
227746
5847989
5856898
1028378
4649414
5755035
5843478
5833170
5806200
1352025
5842094
5841882
5791647
5810342
1024531
5834950
244659
5702955
5766034
5814419
5769542
5787186
5431319
5783114
1930572
4850954
4852590
5765008
5780826
5650635
5711558
3626976
2082308
239677
1352533
5707278
5745428
5718515
5683656
5684418
5688132
4725984
1320554
5650000
5738940
5756055
932779
5628707
5758675
5748215
5744507
5725183
5715324
5726138
5746829
4744840
