6979080
2929848
4438338
6979590
2603883
1857993
6979256
6979256
1876522
6976836
6973085
6970657
1099168
6972978
2347387
2001351
6967381
6974081
6890329
6897204
6869883
5764312
6972342
5449581
6857036
6963273
6969824
6969749
6965197
6967034
6515201
6578891
6961329
6909587
1073967
6652646
5310990
5644187
6963511
1191781
6959546
6896904
6951176
6959346
6814619
6952183
6952410
6952677
6942010
6960616
3660602
6669626
6955321
6959781
2464979
3030750
6920111
5661866
6945986
1273952
6957133
6954189
1137724
1968349
6954970
6955357
6856798
5204645
6915052
6952212
6933526
6654850
6911646
5349822
6948456
5620096
1038883
2032275
6946178
5089276
6948422
5356456
2672442
5817849
2462297
6941684
5882067
1110928
2586798
1207469
1007399
1427200
6937779
5044494
6942098
4852293
3042323
3294387
6939147
6939271
6935193
6932873
6937975
3046294
1506327
1794965
2543179
5857112
5079329
2511578
4821499
5565259
3742212
1365975
6934246
6930339
6882124
6733464
6763612
6927159
1501703
5540151
1443663
6929009
6873987
1419074
6903957
6922793
6928953
6927797
985472
6902607
6921775
6917878
6880365
6926358
1140631
6708630
6925582
1324469
6913386
5467797
6922287
6447668
6915347
5477111
5796689
6916171
6911270
6913263
2248259
6764999
6437837
215744
5370373
6910173
6914645
6913056
6787127
6914539
6913133
6781064
6604055
6659103
6911094
2887504
1402291
6858361
1138718
6773403
6898010
6907806
6890939
6897094
6605882
5058164
6869739
1374856
6791739
5484957
6891512
2729342
6474943
3727871
6894231
3318365
6713809
3606237
6887878
1117317
2598475
2016592
1948932
6892244
2375027
6881364
6892227
6892218
6570892
3355188
6876520
6530190
2433098
6882899
6873493
6891148
6841082
6883058
6834403
2351324
6608237
2642916
6880081
6879468
6871999
3140668
6782369
6858768
6876971
6873046
5420298
6870210
5682597
6693505
6776679
2046842
1357202
6869232
6864833
6865562
6866461
1288871
6867696
1735946
1053567
4846226
1627590
6855627
6678169
6782433
6804427
1797305
6862767
6744511
6858359
6862897
4612829
6848772
6854211
1345729
6861480
6835197
6861047
2748832
952517
6851381
968268
6838277
6793151
6849141
6847739
6847121
5198214
5315178
2360241
3252816
1229348
4596599
1377890
5494859
2257273
5675721
6845917
2928871
5260673
1367137
6833330
6846145
6846262
6845114
1926700
6441312
1675722
6844252
6824479
6831353
6829204
2255011
6807423
6842856
6656458
6841927
6843091
6839270
6838509
6838038
6829226
6826152
6827864
2639716
6835489
6834321
6833660
6801434
6807729
1139416
6834082
6825633
6825695
6731354
2565900
2775684
6823389
1081859
6827882
6824273
6815378
5281980
5090517
6824107
6798716
1617768
5278705
6819142
6761760
6821663
6816089
6816070
1072653
2675662
2163880
6817034
5782100
1715427
6638204
6803698
6705394
6706676
6733418
6808810
6809501
4488114
6779621
6811695
2564361
1997383
3134286
1138921
6806154
6606203
4419270
6808939
6807683
6807526
6807437
6805574
6807195
6439413
6684539
6706782
1367245
6797917
5900463
6614387
6801611
6800478
6796040
6799821
6779013
5444845
6422813
1703405
6794743
6789889
3696444
3265049
6795266
5136966
6794885
6795399
6790384
1262002
6791465
6789756
6788160
5813446
3609796
6780648
6785022
2229748
6786116
6786286
5142407
6783516
6785080
5165807
1368210
1368210
219025
6609252
1199547
6777485
6418296
6769337
6780037
6777671
6776311
6778043
1706632
1060944
6763359
6660977
1318625
6768845
6772325
6607271
4807286
1390308
6771470
1177359
5875613
5651184
6765101
6760371
6763492
6766307
6769826
6766064
5091729
1149766
6757311
6765919
6721029
6757587
6752933
6749814
6756885
6761687
1289432
6759258
6762532
6760134
6747329
6748385
6746939
6756587
966283
6752057
6752040
3733711
6756136
2673476
6756392
1159855
1049088
6753954
6744228
4498288
5832946
4458757
6746890
3703361
6707973
2261673
6743939
5052958
1103264
972994
6746024
6744624
1387997
5408710
6728489
6743055
6737891
2879923
5566162
6741963
6442409
6676332
6740105
6742521
6624654
6736664
6735725
5832812
6736342
6734001
6734664
6735107
1234041
6739913
2209450
6731861
5605969
2165642
6737734
6733200
6736461
4853041
6735327
6724377
