6952903
2671608
6975726
3066638
6979675
6979675
5329694
3571708
6669639
6906881
2625689
2441712
5143714
941688
6725494
2180125
6905113
2658517
1360387
940348
211413
988285
6919655
2713591
6854508
6769053
6974512
4852887
6907834
955638
3079597
1158659
6511437
1850812
1832586
5557811
2604341
5482510
6979272
6979272
2598550
6916927
1688394
6916325
255155
989398
1847283
6978277
2312299
2680915
6942782
6887807
6978534
6865065
224007
3194169
6945467
975318
2735768
2329598
1862465
254156
2955344
6592440
941248
6978518
211263
2619374
4473694
2678510
6727205
6973460
6973506
2688646
985298
6974366
6968030
6978053
6964860
6977991
6977991
6970111
6972326
6870968
6965266
1051103
6977909
6977909
6965256
6977742
1160098
6977708
6977708
2142544
4709268
6972596
6976257
6549150
6976258
1855276
249657
6967525
6961966
257489
5377541
6975484
6963835
2365454
2129064
6976128
6838990
2976774
6969488
251349
6968284
6788497
6933072
2375753
6967027
2188183
6974011
2942702
6963369
1626005
6972752
6964553
3110277
5729295
1049076
2040774
2214093
6464955
6967851
6973136
6963216
2442782
5169948
5439732
6698124
6792896
6963843
6954675
6910231
6923390
5479782
3170403
3269602
5231959
6913074
211443
6972901
6957381
1185201
6610071
6973128
6962353
6969037
4647691
6969814
6965125
1810839
6876788
6970881
1737512
4765786
5455531
6965551
6890727
2583401
5784766
2823135
6971307
2500170
2051562
1172806
3652988
1049031
1670250
4450852
6970701
6970707
978734
3446024
6819582
6965412
1360772
6964980
6817868
6956217
976013
1558209
6877978
6913997
6969583
2112981
1428541
5234372
3045592
977280
3035406
6969202
2873134
6961769
6891175
6969582
6969518
3382585
6969589
6969589
2940964
1262376
6964846
1412105
6963646
6964636
1756792
3028967
6967615
4451626
6960378
6960077
6731454
5086035
4744965
5460465
6949776
6946495
6962825
6962583
248776
3355407
6962827
1031261
4405329
5228762
6931206
6965938
5609943
6966060
1208130
6875452
6955167
5870576
5033780
3028609
3217992
6938290
1378783
6920624
5301450
1217267
6506813
1061123
1347799
5849122
6964798
6938862
255242
1036428
6931380
1798271
5644448
1578331
5397979
1903747
6403133
1600730
1344033
5434001
6678963
2746726
1048901
1933728
1795237
3706757
6960459
6963728
6963728
6659141
2247943
6940318
6958078
6959172
6599203
6961151
6906286
6945187
5845895
6570425
6949540
6542146
6950948
6761926
3011726
6940111
2896629
2981143
6955006
6939449
6726235
3032829
6818437
6831062
2933388
6941519
6939512
3624470
2889726
2986980
2976366
2985825
6748954
3606916
6773088
6780132
6960025
6822477
6958070
1246280
2899024
6960303
2931562
2747671
2880183
3048417
6959929
2961481
2929814
2877115
2659844
6952538
2145665
5770356
6430491
6944429
6951313
5813356
6952407
6949338
6950143
3700186
6859095
2968901
5089935
2891691
4411279
6957591
2895658
2899856
2899055
6899865
6796818
2700306
2739365
994288
2939859
6959024
6959024
6947110
2897620
6958823
2942318
2983249
1578082
6949596
5379039
6951438
6955299
6880317
2969027
6958322
6958322
6953751
6804365
6956064
6955773
6955268
5792980
6827098
2892966
6871430
6862223
1039886
6945087
6938699
2968922
6854427
6957416
6957416
1044394
6955397
5817492
2877983
2898283
6934852
3029569
1115083
6950596
6661359
6789647
948565
1641795
1792703
5347602
6953382
2945593
5309049
5309049
2125346
6945915
991010
6420470
4430386
6759160
5852222
3741274
1378192
4640742
5583548
6637611
6774536
6945611
6889661
6926049
6897952
5723790
6851258
6942304
1826431
1473258
6949328
1834120
4514077
5155335
1868617
1624831
1285025
5258732
1855737
3007194
1245068
2138154
1450718
3448218
5130602
2214448
5832831
984426
2678288
2117983
2023707
1822133
1015904
1828780
6927144
6908547
5239984
4788904
1581597
1815744
6948608
3568928
2607767
6950675
4412556
1703477
5401866
4421581
1381060
4416889
2998915
6926710
6908686
6453759
1853538
6887371
984610
2447650
1247064
1034002
1877689
4730427
6945334
1834730
2069887
1529220
954956
6860114
3272360
2136208
2960784
