5199916
5126750
6967188
6829924
6955465
6969906
6962811
6959658
5229145
5634930
6928698
5617800
1346836
6901559
6931753
6857000
3750188
6723952
6906980
6890113
6866420
6865105
6854702
6577119
6646311
6823926
6767279
6564837
6673798
6792302
6806763
5036105
6815410
1428271
5726622
6559472
6595246
6790112
6803118
2720890
5686810
6737239
6804597
6803655
6789986
2959522
223014
6777007
6778168
6603323
5342152
2746870
1697298
975127
3044840
3724507
6742368
1238829
6656264
6703201
6741183
6722174
2891519
6685794
2858734
6684970
2856369
6297531
5467605
5100921
6560024
5649757
6653487
6633390
6620388
6619826
6606486
6589002
2840636
6528438
6582296
6545420
6558748
6570331
6489079
4862451
3378702
4781231
2098310
5062021
5701689
6401576
6542317
5902351
5853678
5534920
1281671
3307882
6502432
5858855
6431465
6465742
6426284
6411737
5852357
5839112
5455814
5845487
5812884
2453788
5862612
5863415
2021439
1501773
5839272
5845608
5819941
5670890
5726100
1274841
5135764
5781895
5727855
5801812
5766136
5792824
5733600
5715111
5491612
5518159
4744218
5332215
5733889
5639535
5595236
5672376
5601942
5634553
5671966
5183206
5661682
2174756
5630854
5648341
5581335
5636931
5628860
5606306
5561405
4850620
5562536
222958
5179914
5561506
5481820
5558583
5470771
5559362
4416745
4596602
2991339
5423703
5507546
5533296
5495153
5500118
5439542
5469565
5440195
3623739
5272469
5436109
5448936
3060860
5439719
2154829
4447384
222987
3056012
4427907
5387441
5117837
5391534
5273066
5290754
2091614
3565085
5364361
5270963
1817853
3096904
5096236
5276287
5264597
3429612
3442553
5278808
5266959
5217379
3073987
3096950
5243495
5248799
5206302
4648264
222977
5105187
5144779
222985
5166052
5165374
5192766
5075725
3274759
4636738
4652527
5120177
5135781
3761585
5130104
5068433
4796205
5096232
5060761
5090785
3201235
2053548
3733908
4773375
1847969
4781110
3112438
4788659
2177250
4568869
1526439
4603955
4561879
1464952
4656911
4643797
4656771
222954
3586123
1829010
1295827
4595246
4580981
4554705
4589803
1821508
4526046
3645639
4540865
4529737
2808340
4445698
4412715
4422874
1803351
3070949
2770436
2943401
3748699
2722181
4406356
3217901
1533988
3280036
222996
3744226
3730956
4424651
3767000
4410617
3754905
3763912
3759256
3742988
3741507
3725108
3723018
3627755
3620985
3107650
1416258
2622997
3685085
3685255
3674034
2986927
3676227
2623971
3203259
1665111
3207315
3273049
2521165
3668347
2968356
2968056
3650926
2959612
3580256
3446106
3606131
3633752
2854061
3613722
2681344
3622503
3598859
3606604
3576044
3602892
3587896
3440620
223003
3440010
3352203
3563653
3412960
3317423
2906209
3411140
3004927
2870026
2994979
3298521
3316688
2335829
3181000
3273639
3196081
3209985
3278998
3199124
2899006
3231546
3183350
3200379
3203596
1653993
3203938
2627911
3183517
3036900
3130630
3088299
3107424
3138233
3150021
3077977
3139221
3132107
3125434
3124169
3121178
3120919
3114582
2989891
2990586
3031922
2856261
3111401
3022207
3101101
3099593
1730383
223007
2637589
3047687
3096064
3072047
3075261
3058369
3039656
3008128
2546333
3025968
3033480
3023331
2905009
2959350
2938107
2936694
2929427
2817375
2854005
2700221
2905992
2588925
2762095
2746914
2779171
2843798
1149678
2622581
2350902
2776427
2769474
2320176
2104935
2624954
2692937
2665974
2601996
2623054
2556057
2585044
2620363
2541161
2557684
2538588
2495581
2121391
1427190
223010
1708544
2476880
2470038
2460539
2280792
2099382
2421488
2437800
2145581
1539043
2387493
2243179
2360899
2295221
1784775
2147051
2154337
2128333
2250246
2177585
2219248
2153784
1956461
2131949
2143419
252272
2113627
2109061
1739116
2100244
1957781
1963040
1987685
1987489
1568747
1386556
1929919
1277613
1967574
1957738
1521722
1917557
1949704
1890686
1504272
1719423
1833595
1501822
1892628
1810592
1863619
1472220
1647743
1842542
1870177
222960
1438511
1813708
1817601
1803743
1800858
1792379
1714833
1768137
1781709
1768835
1742394
1748922
1635243
1650653
1732330
1736027
1724699
1687682
1028271
1660521
1680732
1629022
949918
1611127
1616053
222946
