5510571
6972566
6976711
6974836
6974614
6972905
6970537
6969024
6933817
6970308
6962301
6951551
4411557
6969381
2770748
6964514
6856964
6965628
2981913
6965326
5568406
6952663
6962628
2955189
6958855
6911255
2751073
6954518
6828571
6618311
6952433
6949557
3323566
2339950
2430903
6448416
966570
3222435
966564
2619592
6415179
1816857
6941635
1257475
4787380
6931180
2425282
6918783
6932507
6773033
3072042
6926427
6932965
2445720
6930691
6930865
6927269
1097345
220540
6910854
5445619
2797591
6917179
5833707
6897826
6873602
6909050
6732161
6911171
6557082
5055038
5466420
1186579
6900292
6897471
6853825
6890703
6898038
6864770
220549
6887677
6889592
1028983
6886715
6763294
6828340
6877684
2399723
6872477
6815399
1053106
6863031
6827981
6680207
2352269
6854729
6860713
6851327
1148763
3726487
220647
6801090
6849107
6847683
6829181
220552
6772761
3229726
2767346
2684185
2539941
2449479
3264876
3054898
2768910
2543009
3203775
6801235
6832109
1531278
6832017
5838365
6829308
5426541
1989064
3123916
220474
6464532
6503660
6824457
1917537
3292998
6823505
4639112
6777049
3282482
6812379
5514228
6813179
6812837
6801576
1278420
1638135
6647577
6700947
6716130
6729134
6798908
6718946
6721656
6728471
6794880
6767366
6741366
6790803
5655032
5609884
6492246
6510437
6782473
6407651
235864
2842122
6506862
3650788
6652011
6662784
6781985
6782278
5036829
6778513
5035285
6774941
4448588
2276952
6772561
6772743
3592547
1254075
6718781
6754545
3201848
3147965
2790136
6759407
3200953
3147556
1089052
6756843
6757185
2429898
2249318
2849083
6733811
1097326
6759970
2812187
5878896
6754821
2391158
6535345
2698833
6734045
6734135
6735160
2832830
6652625
2172391
6743248
3233287
952635
4463795
6734751
6739268
6738055
2250620
1441055
2460031
6635150
6385000
5242762
5274284
6738551
6586816
2187246
5813166
6656770
6733264
4566327
1137840
996205
6725999
6653928
6704661
966544
5405392
6706011
6685262
6714113
2392944
2523378
6713137
3263628
2941624
6492796
6689088
6704457
2886463
6678810
6695520
6701462
6673072
6658563
6692521
6685943
5728587
4586921
6683843
6677675
2673778
6665920
3275438
1024896
6658638
2918338
6590116
2408963
6540872
6558139
6583397
6608244
5703086
6655510
2780958
6664677
3599256
6610316
6663577
6640590
5457457
6661593
6659988
1934337
6659175
6625188
6541713
6651427
220542
6653208
2204793
6645696
6646159
6417134
3059794
975597
2210366
220460
6592207
6582367
5845574
6638308
6638308
6593349
2277871
3046452
3156566
5505470
6625809
5714791
6626823
5581469
6611050
6621255
4867210
6483757
2307547
2599489
6618293
2320784
6617445
5547994
6614251
6484176
255483
3663915
2960813
6605074
6606274
6602945
6407116
6469551
5109916
6534366
5099839
6415189
4841227
2607954
6560648
6550411
6506090
6440721
6531060
2269673
6463747
6583657
6580973
4400583
1052774
6547974
6578608
2510850
3109452
6576111
6573879
2764287
6575028
6515555
5598937
6567794
1581281
6555398
6550149
6549576
6539012
6544369
6541060
6536960
6532974
6529640
3583405
6528983
3171210
2728853
6524739
6524581
6515145
6517900
6500561
6508534
6510569
6505949
6502131
6504601
3635447
6502029
5831879
6480772
3300060
3147386
6472809
6473201
6468633
6474720
1113131
2371945
5837919
5852510
5860895
5874857
6403627
6430807
6463128
3320828
4450162
6452555
2578762
1158347
1712663
6450822
6455509
6444098
5793775
5794739
5798929
5825995
5830410
5891532
6402353
2273417
6427232
1592003
6448556
6447363
6440820
6416777
2412769
5247307
6438457
6438458
6432789
6439178
6438511
6438462
6436837
5882970
6435590
6428446
6420907
3677172
2916388
6424995
6422888
6415538
6416988
5832145
6414476
5546612
5891813
5856068
5062925
6409942
5900258
6405091
5726211
5886348
5484075
2282609
6404260
2170836
6403647
2147641
5862109
6357613
5648757
5760797
5892843
6390366
6112933
5797264
5890795
5898891
5806581
5894537
5892671
4435589
4768649
5894513
5886468
5799908
5890570
5889160
5882756
5887032
5887714
2355761
3137728
5881319
5884776
5884558
5810046
3144836
5871587
1326637
5866180
5863428
1909238
5861537
220661
5329553
5861890
2078927
