5747901
6939224
1068753
5089430
5587754
1065962
2478960
1158393
5248035
2987290
5824733
1085231
1069143
3651099
2537828
6657936
5476569
1064177
5681895
5735982
5525971
5728699
5361380
2594782
4836953
1296591
3039814
3764391
3292833
1064446
5098867
5399272
5470734
237200
5308287
1858168
5179481
2534914
5164451
1067925
5095503
5115536
5069671
4502401
5090342
1062482
2983715
1068926
4624792
3728998
4541442
4528052
4507393
4417463
3703849
3692557
1153413
1409211
1617301
1058661
2972848
3422586
3391140
3342580
1963474
3246526
3236822
1065684
1063768
1063667
1071057
3049372
1063826
2771855
1066987
1083374
2704548
2765279
2620853
2613981
2413674
2039160
1062857
2341511
2087736
2197581
2109878
1839400
1063329
1069722
1641260
1593509
1569190
1332588
1065077
1066040
1065646
1077117
1076235
1248090
1080447
1063028
1071294
1067297
1064038
1074686
1083174
1082592
1080635
1072559
1073900
1073661
1074339
1073125
1065664
1065654
1072707
1072360
1067369
1068102
1068580
1071789
1071083
1071218
1067127
1070460
1070044
1065084
1065829
1066000
1068553
1065358
1066282
1067264
1069151
1067795
1069112
1069017
1068115
1067969
1067285
1067272
1067246
1066798
1066711
1066602
1066454
1066434
1066412
1066296
1066191
1065967
1065323
1065203
1064995
1064586
1064514
1064600
1064431
1064370
1063851
1064141
1064017
1064001
1063225
1063158
1063614
1063085
1063199
1063187
1063077
1062981
1062906
1062494
