6959026
1854130
6976875
6974369
2618464
6965341
6966983
5801848
6964098
6846261
984027
6922887
6952186
1798569
6936475
6947246
6959348
2496254
6953494
1309314
6876552
4769799
1153169
6618623
6910234
6944799
6900249
6953861
6929762
2665176
6949806
6949006
3624316
5777876
1548147
1761297
5618331
977453
2666192
6789847
6943190
6784900
4413036
6902266
6844178
6927231
3426855
1819117
6932064
6945359
6940662
6922280
6943401
5092556
5851527
2393655
6822060
6897940
6911530
6759291
6927392
6839761
5575646
6432152
6844492
6777770
1384692
6920559
3715219
2314975
1692918
5188592
6831784
1044435
2849222
1844187
5038444
1108994
5900219
1252624
6908652
6823220
6890440
6800276
6802285
6766171
6806753
6813182
6870891
6876766
1202042
1276073
3691328
6883865
6758513
4506903
6817931
6879337
5521515
6854118
2905778
1378318
6878130
6841690
6842007
2063181
1632124
6564723
4694584
6814563
1247742
5684454
977633
1040504
6440843
6805491
1365622
1182844
6772925
1312245
3024462
6815225
3305027
2616447
1675351
2170296
3158113
1144566
6784374
2696078
4615225
1623824
6825772
1698319
1040788
6827687
5824637
6778828
3702551
4520794
3346994
4848322
5564719
2357699
6833815
2724804
6705405
3276302
5323433
3669406
973693
2063332
6828526
6827635
3598551
1108622
1207602
5741646
6813469
979889
1042960
4778891
3620596
1715375
6813693
6813693
2305215
6805174
2683992
978919
5032509
6750234
6786308
1058601
1043073
5400392
6795922
6792722
6778351
1055676
3349604
6786260
4788669
6781014
2329759
5559491
1309946
3223911
6774094
6731859
6774182
6745687
6765313
6778121
6759319
6745396
6639676
5298017
6755934
1305544
1210353
6766276
5790253
3142205
1910735
4707097
6592812
1016271
1424836
6755550
1132631
1342012
979158
6720068
6741297
6735164
6738063
1672935
3323875
6698362
3027268
6734392
2736868
6727434
1152147
2184938
2259565
1921427
2421586
6704977
6728427
1172871
5883037
6635739
6604820
6638443
2732095
6670842
6592908
6606907
6612839
6613214
6629436
6632687
6650400
6654791
4766659
6494338
2787563
1319100
5640304
4807940
4755987
6706774
6707940
6671114
6701382
5478909
1683456
6621540
6695112
6639201
2645494
1434419
6687906
6701124
980591
2279196
6672197
6673365
2691431
4643350
6678881
6683235
6411188
5836686
5882614
1038710
5795476
4434201
4480266
1484247
2835153
5638389
1792841
4509197
2317904
5349372
1911466
2551523
6582279
3251102
975941
1494644
2056647
3138681
3699497
6574180
6584772
6532065
1043207
6626474
1372259
5869762
1339249
2290130
6549094
1177800
2538572
1423442
5524377
3122129
6528813
6415824
5827638
5870519
5870654
1043849
5476467
6621727
1190410
1074233
942072
1097688
5797500
1575617
6575455
5486848
5202879
1200883
6568401
6506255
1913168
6581545
1311945
6482902
6578141
4706533
2112386
3323357
6575499
2751330
1701400
6562461
6526350
6568947
2749402
5182380
2358528
3690427
6496667
6515428
6505925
4625110
6515676
3710613
5168931
5178261
5185429
5209890
5210503
5218800
5220663
5223022
5224273
5224323
5225511
5232146
5237236
5242375
5245908
5250051
5251349
5251504
5256431
5258603
5263309
5264559
5264627
5267201
5275119
5292230
5297370
5300218
5300746
5407332
5305213
5308160
5311060
5364984
5334597
5478637
5315834
5316764
5333604
5340736
5345509
5345528
5354292
5356424
5363759
5365491
5373026
5373784
5660624
5398794
5413005
5393561
5408226
5408490
5408706
5424246
5448785
5467140
5469201
5482277
5502467
5618816
5627699
5628322
5639150
5646831
5646889
5666729
5676159
5678757
5680899
5550155
6413892
2195701
5761946
6457817
6491288
5740293
5740653
5699302
5713989
5686251
5686747
5690745
5691930
5697034
5699393
5705411
5708171
5714825
5715511
5715669
5723794
5729623
5734919
5745920
5746159
5152326
5757122
5759648
5760570
5765109
5767515
5788543
5789571
6413308
6503090
4643760
3761512
4528760
6484134
6472833
5478290
5795211
3655320
1962237
3299694
5856092
6471755
2574982
5380454
2657181
5836834
2496116
5449784
2977863
5757893
5651087
5861979
1519279
3030817
1261538
5355954
5308300
5851102
1899797
5851503
2614109
1948615
3305513
5861484
5860145
1046756
2021922
5781629
