1041978
1011143
6977556
6977538
6979047
6979047
2902347
1569128
6978372
4465109
6787864
2201083
1155142
6962515
6974077
6964093
1877354
5545777
2631727
1917263
6906825
6972103
6969880
2266000
6975782
6674450
2681167
2151744
6971131
6961942
6960794
6958106
6942361
5787492
6968266
991815
6540386
3218399
2153418
2583801
6968382
6971370
2186238
6969625
6971432
1062175
5716705
5217499
2358734
6969199
6967623
1226787
1402431
6969827
3643235
3004693
967343
6949387
6967815
5681200
5228221
2090759
1046372
6967184
6960206
6747294
1040894
6952090
6964811
6424093
5487116
5728378
5644176
2818317
6482837
6949991
6953847
6945293
6909851
6959340
1027608
6928028
6940630
6951757
6954714
5484607
6958610
5451517
1734949
3277059
6897264
5106236
6908473
5172860
6935650
6952467
6939810
6832248
6959551
5746057
6674424
5676686
6928078
3247502
6957895
6957895
2253592
6954438
3344141
6888636
6956521
6941328
207028
6942254
5068384
2642110
6437161
2232185
5305078
6945438
6952848
5542352
6945775
6946627
2237119
5127672
6881530
1917203
6922054
1809822
1815054
1823284
5145471
2660105
6950205
6949508
5575834
6875511
3637024
6951260
5859168
2125584
5135818
950129
2170720
6949303
6615801
6804791
6946709
5294793
6783464
1845768
1029731
6730360
6912141
2662630
6940675
5424823
5663539
2636421
1855903
2625468
6938724
5184794
6825104
1027603
6740486
6831640
2203912
1040778
1876318
4825330
2600527
6608362
1840978
6919782
6926805
6942724
2316632
6934633
4551487
6724134
6709868
6746124
6793893
6802995
6550037
6902836
6912096
6923249
1259732
6936603
6933548
6911943
6929734
6933221
6924203
5399229
6588946
6934962
3731137
5602456
6854376
6935585
6839277
6783026
1029670
1260070
1008277
2566865
6437813
1281353
6934982
6934539
5885241
1067598
6929673
5352764
3712742
1600065
5399789
6909160
5700050
1486209
6824266
6892936
4627863
4659476
6777651
5894571
6683938
4857103
1573079
2723546
1367555
990899
982322
4714224
2627289
6899231
4708069
6733662
6925340
5416261
6926041
6916604
3679057
6910180
2528413
994138
224766
2906326
2399688
6923050
4774693
5771990
6910517
2128485
6889691
6919568
6917405
1236177
6448391
6790628
6415450
6916696
944680
6870163
6684337
6741549
6802089
6833239
6868477
6918670
6745444
5207477
6692445
2534659
2774527
6909179
6901949
6800475
6915395
1025958
1918049
3232116
5904800
6897924
6494196
6804263
1736504
6886037
6897374
5699879
6887060
6905474
1710636
4665148
6901052
4614482
6891098
5413348
1202960
6905122
6905582
6908236
4497444
6896983
6908425
208526
2745630
6895536
6908541
6544224
6903901
5561991
6907516
1685528
973030
6766541
6906083
6906512
5326371
6903475
2141301
6886400
6896697
6889515
6899396
6477890
6679550
5513507
1066341
2529370
5539485
5444872
3620081
6791161
2809944
1407817
6615030
6678781
6829366
6440110
5286421
4497905
953066
5032526
6888861
6889498
4520699
2836870
6886430
5217987
1158599
1030861
3361351
6708504
6889817
6886884
1060259
2663112
6873653
6876003
4856950
2856399
5191263
5483486
5654310
6884966
6882381
6872211
6883012
6625343
1057477
2047692
5458533
6810393
6825274
6825867
4457998
6611655
6844931
1030170
5505712
6439673
2651896
6726218
2611552
6874198
998729
6880801
5634503
1030293
3078833
3608878
6865874
6855442
5310135
6872481
6877817
5159466
6539869
6874728
4592525
6876602
6846894
1031568
6871473
6873655
6870485
6460236
1622619
3751265
6872122
6827015
6872361
6872361
249738
6627952
1261421
6867243
6465693
6541520
6475530
1027008
6869697
1135105
1046321
5318855
6763582
6867583
6721195
2791315
6652885
6664041
6688292
6850492
6860679
6859575
6813643
6863388
6864441
6685225
6862646
6864724
6864904
6853185
2876629
1416013
3400281
6863356
5078270
6861184
1705463
2797824
6678820
6860734
1768546
6769295
2044493
2870657
6856568
6814431
6402345
6857382
1281130
1010516
6765027
6856500
6858720
6734703
6482786
6725131
6734341
6816770
3121830
5067311
6852325
5477138
6851558
6848548
2628451
5243199
6850038
5718731
1026579
6851113
6822053
6846073
6825204
6528015
3275408
3766143
6849693
2867050
4802134
6825698
5430718
5393164
6830759
1945493
6701875
