6979634
6979634
6970812
6970812
5513270
6693404
5216448
1111199
6817298
6942253
1016376
4849352
1081472
6908842
6907238
1089671
6813992
1077145
6890174
4540575
1814909
6878744
6879001
6798838
6795642
3689305
5140037
6785169
6793610
1072322
3337586
6828650
6824184
6777279
6793637
5428219
4635151
1111353
6805286
1079867
1101935
1074018
6744067
5433563
6782439
5078706
6627788
1102137
6739731
6739731
6729338
1789689
6626085
5703830
5703830
6720156
6720156
4781117
6459846
6707786
4761779
5715509
6641760
5198624
6653703
6687417
5843638
1085260
5163595
6642325
5114691
2984552
5154842
6620276
6598558
6596391
6592832
6581623
6590119
6537582
6586213
2238830
6472754
1072394
6561727
1841384
6507464
6507464
2967409
5059826
1841330
5636611
6416360
6429604
6418815
5650657
5746029
6144982
6401331
6401331
5891621
1068306
5859401
5215823
1071687
5766289
5757775
5335300
4768233
5704477
5697475
5696681
5687913
1078895
1789625
3149852
5533751
5640208
1072000
5658186
5658186
4492140
5609578
4845746
5638888
5345205
5633476
2176654
5194529
5600608
2777942
2513801
5578515
5533103
1071842
5543334
5552984
5549314
5542178
5283220
952789
4481128
1163550
1070486
5459071
4705565
1105308
5218362
5447226
5425863
2609335
5417638
5404984
5377651
5378782
4554949
5346817
5322128
5345957
5343887
5332212
5309177
3582577
5229133
963370
1070851
5259087
5265105
5250326
1338569
5136157
5215644
2689599
1067664
5207622
5140536
5189514
5189521
1301105
4410194
1070787
5132833
5102241
5055115
5106681
5096704
3382617
1075628
3679719
1987276
3249892
4807631
4801456
1113949
3718884
4773352
4772034
4772034
4737915
2041046
1107431
2931533
4664481
4624861
2844754
2895918
2655781
4478793
4489974
4506123
2211546
1085881
4569204
1076524
3026030
1072812
4479248
4459720
1686801
2402527
2593555
2601535
3229694
3068586
3766393
3628302
2696390
3724880
3721253
3632071
3711066
3686964
3637939
3663081
3639348
3599124
3569569
3443908
3390631
3373980
3376017
3366636
3371137
3289269
3300502
3230248
3209376
2836065
2823166
3088726
2967739
2987965
1076804
2840475
2616321
1074876
2409543
1068014
1472229
1468558
1951582
2083514
2594900
2545039
2653972
2258178
2621014
1103869
1581046
2299025
2498606
2207490
2477174
1071146
2472082
1071289
1067447
2319599
2243940
2283652
1961052
1966081
2210652
2211144
1990395
1966370
2028403
1953650
1901135
1890224
1839279
1793748
1761139
1744916
1415493
1742139
1695668
1558293
1574653
1068174
1499299
1365170
1428659
1382181
1337650
1275493
1073562
1275008
1069982
1116356
1112602
1107372
1104534
1105188
1106024
1107583
1102367
1101902
1101494
1085540
1084823
1085884
1083739
1085126
1084768
1084483
1079729
1077984
1077071
1075844
1069307
1069436
1075517
1074210
1067654
1074007
1073542
1073239
1072872
1072597
1072500
1072329
1072107
1072114
1071240
1070622
1069742
1071065
1070901
1068476
1070419
1069835
1069601
1068210
1069460
1067917
1069089
1068562
1024594
934354
