211413
1158659
1847283
1862465
254156
211263
2678510
6973460
6976257
2365454
6788497
6933072
6963369
1049076
6926899
211443
2823135
1049031
6882300
6970701
3028967
6960378
6960077
6949776
6946495
1031261
6931380
2986980
2985825
5770356
6430491
6951313
5813356
2700306
6938699
6854427
6661359
6950407
1834347
6637611
1450718
2117983
6908547
2397223
2136208
1834249
2413869
6789162
1441627
6724154
4841009
6798837
6814878
5554907
6832972
6503010
3703510
6929729
6933499
6901331
6928439
1398802
6714920
2223925
6801069
6922471
958126
2693090
5112038
1592717
2542779
1086131
6907753
6918240
6917493
6905271
6773389
1223225
6734308
5338553
6906708
6906708
6809758
6868039
3643198
6898443
2785822
1191665
6897685
2126716
5349731
1489852
6881527
6886942
2484239
6641456
2503025
2781795
2586554
6688247
2914948
2341614
6889514
2334372
5577957
2281655
3065951
5368563
6434176
6877916
6835965
6872539
6869919
6874539
211211
1134131
4773372
6823660
6812106
6828874
6845234
2591342
4733160
1094448
6832224
1710272
6839992
211408
2667448
1417059
5575350
1040041
6451222
2039279
4818914
2593992
6409514
1738825
6829467
6833114
211050
2580998
6817279
6574465
1378260
6701573
6733292
6791840
1049074
3204684
2472136
1137281
6531869
1396989
3560491
3054711
964148
3255896
6797557
1660262
2090504
1745467
6787623
6806335
5105088
6715638
6765778
6453426
1148253
3153568
211391
1277033
4662660
6779861
6767174
6753767
2027541
1397874
4938863
2775856
5427329
6450898
6755884
6572110
6760661
6752430
6675992
3082484
960522
6458170
1046683
5860712
5196999
5628769
6717660
6494115
4539988
6651462
6680090
6717687
3222924
6431539
6661714
3199325
2423646
5575095
6668729
5877787
2121386
6697973
6685092
6636930
2568242
2997035
2569778
6698391
2712414
3229413
3062783
3011847
5767051
6691598
5886672
2509073
6536824
5099235
6472667
1048804
1048942
6645477
5342971
4531227
6495426
6574244
2111979
2477435
1049495
3056967
6598832
6633227
6532757
6662030
6662030
6581741
5188331
6649640
6525897
1560824
3334500
5745093
1059747
6584176
3036341
5319567
5901115
6526531
2748526
1029775
5821586
1659034
2716635
6593675
6506155
6608081
5875103
6587300
6582380
6584822
6551847
6561694
6576677
5858260
6461958
6541392
6551003
211022
1907959
5719094
5752730
6448684
6498442
5327876
6470982
6502013
1365958
4623590
1336946
6504482
2558253
1310980
3218384
5087725
974216
1956051
959158
5881470
2634195
6482640
1049294
1396928
2119273
5828563
2104737
5603332
3278418
1040799
6464970
6443622
5357699
2451265
5776492
5817498
6449489
6424369
6434872
2436953
6434870
6434868
6428932
6409162
4781506
5131078
2627243
3615705
3357730
1069715
6403329
5548519
5678000
4428395
2377321
5874419
5435387
5880437
5879592
5871865
5860793
5872119
2167359
1301121
5827096
5694942
2762321
1316540
5690953
4580778
1071074
2144653
2665292
1193098
5849474
5838879
2491030
2159776
2238483
3004995
1134127
5378802
1075620
2880043
1397244
2144977
2125198
2033393
4504220
5789395
5688316
3252711
211357
2878047
1794730
211478
4505890
5757121
5728333
1554352
1042634
5709616
5754714
3650687
5737674
5732097
5723545
2605496
5719663
2903517
5499201
5499221
5731379
1567076
5722379
5724947
2895100
5710572
5144029
5689600
5665828
5406634
5670935
5642619
5662263
4504201
1046863
2353177
1435974
2561931
2187654
5396263
5554394
5558599
1050076
5627270
5559258
1784013
2815762
5331518
2634575
5528096
5579475
3196412
2563281
5455443
5490308
1368148
5559338
5502811
5505117
2841885
5548077
2736864
5536292
5499614
2509696
5494344
5508289
955307
5477682
211306
1394874
2185720
5496463
5424845
5477022
3194997
5489459
5479652
5480068
5468758
5478572
4458421
1484011
1090064
5073080
1048034
2928241
1406683
5446350
5437843
5399780
5439292
5407048
2244914
5420810
5431314
5429849
1394492
3013413
2137245
5408201
5401747
2542309
1029997
1044468
211279
1048609
2295505
5401968
5374470
5400953
5389759
1933308
5361149
1050045
5362848
5362908
5362029
5316258
5356334
5347368
5355955
5337237
5348572
5346904
5345914
5335333
5317775
1394832
5290307
5307180
5305710
1221332
5307486
