1050165
6958182
3443502
2877716
4837170
6856782
1049908
6912269
6894549
2103368
6878999
6861981
6847663
5247253
6741788
6790004
6732151
1042606
6487996
1041844
5883637
6716546
6706492
6649638
5457994
6602184
6624988
1049090
1045539
1048850
6630981
5594528
6620498
3739885
6602179
4777397
957332
6565779
6520555
2016904
5534278
6549003
2915270
6523069
6508176
3326375
6467392
6491859
6483255
6471338
4765928
6438161
5891270
2508109
5861049
5096579
5708493
1049191
5809103
5813461
5802047
3701306
5767856
5740636
5735605
3632845
5721976
5707900
5697885
5684773
5257544
1041387
5670830
1089593
5639022
5624417
3381300
5609278
4292623
5594434
2737189
5470901
1432661
5560591
5535188
5196384
5337845
5520229
5511252
5483586
5487237
1043398
1074422
5289413
5410726
5327896
5355848
5357838
5335869
1050126
5268498
5263097
5182462
1080637
5201892
5196976
5179721
4666005
2755128
5149686
5142668
5128693
5128693
3671273
3255354
2993955
5078732
5051841
2298918
2298918
4775006
2900287
1049934
4750096
4471549
4649001
4714952
1785350
4666311
4400357
4649284
4634925
4632400
4632943
2978607
4539602
4536883
4526693
1043512
4505563
4428156
4442200
4465976
3599219
3134490
3589392
3717768
3736591
3652675
3706737
2968507
3707307
2505222
1674551
3686149
1048414
2702571
3675023
3143943
2382716
2382716
3580804
2937759
3564549
2961572
2961572
2961715
2961715
3433905
3433905
3563584
2683208
3405128
3398734
3379891
3038262
3368985
3252643
3297238
3221069
3260451
3197533
3241616
3211082
3097554
2955013
2285040
3206853
3191835
1044426
3174988
3141713
3121286
3120144
2958346
3049322
3080331
3047695
1048563
1808239
3036404
3022646
3005902
3002479
2976814
2973705
2939371
2912386
2902944
1041307
2892062
1512221
2652552
2739961
1959293
2632059
2593985
2124797
2512113
2474710
2473053
2470278
2439589
2426370
2412880
2412880
2406914
2406914
2363073
1048842
2342232
2278469
2294301
2217547
2194599
2255113
2252732
2242781
2235826
2185394
2153022
2210710
2108321
2191610
2187915
2124959
2076268
1676407
1757725
2075836
2060985
2026119
2039828
2024385
1881165
1407719
1043147
1574837
1655735
1572223
1565010
1049115
1395874
1049033
1287097
1272665
1212160
1142548
1192903
1165982
1149831
1153025
1133449
1041826
1074600
1077766
1074547
1075423
1045016
1048562
1062629
1061589
1068018
1067823
1067637
1066465
1065270
1065231
1064423
1049151
1048683
1062326
1062065
1061143
1045015
1047815
1049652
1049437
1048355
1050982
1050807
1050535
1050060
1043966
1049496
1049411
1049419
1049232
1049213
1049150
1049128
1049116
1049075
1049084
1049082
1048497
1048923
1048623
1048803
1048731
1048532
1048496
1048285
1048119
1048076
1048056
1047849
1047743
1046268
1044705
1044457
1042904
1043456
1043445
1043267
1043149
1043299
1043092
1043005
1042758
1042702
1042302
1042538
1042028
1042313
1042254
1042335
1042111
1041897
1041696
1041704
1041594
996015
985750
960824
244798
