1743560
959397
6970082
6953929
1676922
6959786
6964802
6468316
6871507
5129552
6959708
6912205
6949961
1525196
6449840
3065144
937708
6955787
3054875
6945079
6602307
6856977
2763606
5054298
990612
6905247
5899480
6758486
6911977
6913818
5103849
6596316
5381553
4812813
1744592
1741170
1715848
1328258
6483942
3057676
1372317
1681604
2185834
5787581
985891
6891111
6899139
942484
6868610
6421227
1497601
1911357
6840093
2325478
6877242
1658032
4838358
2761953
6777292
3053618
1549958
1554074
6581693
2004258
3050549
2322486
2342636
6838794
5613167
6842647
6493541
1282289
1774897
4807986
6848533
1479888
5427049
6842744
6831201
2038207
2321916
6825711
6819983
1018203
5858310
2289542
6802619
6810212
221069
5401068
3036042
5276486
6805139
6803260
6797364
2260085
3020637
6790393
6788927
6789637
5660619
3761297
1084767
5718344
6721789
3018099
5362702
6758371
6769964
2774410
6758812
1370859
6713836
6354119
6772309
5805888
5796503
6767957
1314089
3012262
3752709
6757571
1423131
1433807
1740342
6761648
6752389
5833430
3005568
6751308
2114628
3237678
1684733
3690053
1332844
6741916
1740095
5274322
6742126
6736836
6451103
2997443
6686479
6728454
2824126
5466822
2299903
2001449
6518834
6563063
6667039
5048134
2419736
5251252
5532312
6714668
2972244
1234383
6691639
2392062
2743701
2001440
6679196
2597821
3649675
2292128
5217173
3671460
3625534
2763903
6669561
3081830
1433177
5101699
6662187
3077334
1646230
2222996
3181950
6623852
6624624
6638103
2342045
1048059
6626173
3621790
3676355
6600316
6617475
6620072
3673739
1264984
1173583
6620337
6537712
2133506
6596890
5651145
2618955
5408660
6600845
4588392
3671386
1329323
964802
5067083
6584690
6546186
6554539
6573522
4858198
1051199
6505365
6509905
2367799
6540689
6520190
6511776
6543470
1683838
1614965
3337413
6537569
6532344
2817705
5669275
6514595
2825726
6517131
6500746
6498731
2245757
6485340
5694233
6476181
6461567
2524570
5897310
3585543
6127968
6412147
6420267
5892044
6441894
6426493
5893984
2358312
6404453
6403787
5629005
5838826
1435899
3656148
6405165
1164981
5847909
5829978
2205724
2487268
3010571
5892330
5891090
5868433
5867626
5835704
5548008
5839123
2710879
5835666
5845678
5853838
5853767
5774093
5845756
1281234
5838549
5837073
4746959
5808245
5820297
5788666
2059426
5744498
5818289
5640981
5620498
5826062
1561569
5808563
3338402
5809976
5801350
4807600
1398766
5798722
5798423
5760245
5795922
5734363
5776442
5788811
5786094
5777847
2203331
4457397
5727951
5769956
5743227
5748275
5765805
2750993
5765110
5744764
1190493
5752635
3285590
2722993
1544978
5738512
5738808
5728135
5458298
5652355
5730403
5682190
5698446
5724875
3254262
2714713
5694397
2157986
1774154
1765440
5678721
5189954
4398154
5679991
5680088
2702535
5667443
5677759
5673341
1295748
5673551
5659444
5667608
1773412
5665348
3191468
5656595
5656143
5635933
5646979
5637077
5551581
5634435
5639162
5636231
5370436
3159037
5634645
5633767
5632537
5632288
5616658
5152195
4651287
5050437
5330222
5534668
3154717
5591876
3177183
5597423
5609770
5609161
5607794
5596149
1061473
5606589
5594106
5593886
2115150
5572231
5548395
5592026
5485964
969852
5576810
5526047
4996355
4868692
5576109
5504362
5482273
1385597
2999436
5568284
3113866
2587099
2353771
5523484
3322970
5123132
2614648
5494750
1093504
5501940
5502906
5485572
2809509
5533630
5517285
5508921
5509345
5494938
5489465
5461268
5478896
3096751
2774990
1906902
5474888
5473263
5362603
1116505
1509373
5453286
3072287
5454221
5446536
5449870
5370175
1202542
5209362
5405108
5422365
3392178
2181028
5268940
1619378
3158954
2894892
5270781
2422367
5363368
2117741
5362425
5346886
3340807
5295429
3186380
3128515
2656557
2501635
2531504
5307052
5326513
5309255
5284215
2514428
5262189
203231
5232165
1413290
1966190
5258814
1790550
2024256
2827191
5217397
3325011
5210091
1659553
5194219
5171272
5190973
5111783
3252249
2994477
4865810
5098005
2488894
219849
4852593
2632428
4996982
4695197
4798343
4868450
4855895
1134836
4815360
4552940
1943455
4450019
4841303
3353571
1450802
4811801
