6979383
2152611
6977320
6879346
6979395
6979395
6979120
6978167
247076
6935202
6975912
6976263
6979287
6979287
6979208
1699182
2078269
6725434
6949151
5641455
2152304
2237197
1859342
2610462
5102237
3418956
6977245
1881828
246079
6972864
6979000
6979000
5246341
1688655
246112
1869816
4420611
6965277
1110625
2958177
5283227
1565036
6676287
1090190
6894600
6978592
247410
6974954
6975962
6977935
236069
2643945
247130
6977567
6977056
6973863
6978456
6978456
987609
6969811
248626
6894076
6587581
6859643
6977201
3185628
6974251
245962
2162770
1727403
1691537
6718823
247544
6964622
2625669
2886803
1515720
4857423
2265413
1869644
248204
6974920
5119072
6977158
6739318
5543835
1800472
6975359
2822201
6969486
249045
6975697
6969841
6972837
6969155
6886717
248528
6976976
6974786
6969635
6976336
247165
3021988
6609652
2175100
6798024
6976621
234707
6959865
6968534
246375
6972051
6971455
6972967
6970704
6974615
6781674
6974918
6974527
6969779
5043162
5550403
4803639
1463095
6973457
942900
237619
6974271
1508562
5705099
237640
1707587
247321
6876418
5213060
6954275
6969616
4663313
1151079
220987
242339
6832252
6971268
2977857
1679184
4807223
3033760
1607495
3337141
1402839
2632130
4616615
6974839
6974839
1596326
245236
6689896
5438629
6965048
6973988
6685531
2383069
6974566
6974566
1259325
246641
5672445
6973653
1244693
1572644
6974463
6974463
6971528
950953
6929635
6970407
5214175
3611827
6962362
6954715
3342220
1841163
5048680
6964737
4707939
984158
6974132
6974132
6974106
6974106
6974089
6974089
6957213
4824995
3159408
6973129
5376016
1260302
6964551
6970573
6972799
6666050
6973203
2496009
3248813
6593508
5332341
2936652
2695603
6971714
6973456
6973456
6734533
1990184
4401442
6931701
6970498
5465508
6871229
5526346
6749625
5773750
6894387
2968084
2121038
1673949
1542577
2504629
946559
2643383
5587966
6971894
6441906
6971058
6971967
1796726
1894390
6972614
6972614
5556482
5425088
6972561
6972561
1794946
6556380
1756320
3050826
246386
6971857
1859347
4557201
6968986
6969247
6842599
5594584
5288726
6839622
5344075
6964474
4770507
4827980
2712883
1039061
6968974
4609296
6596285
1356550
3172551
6695275
1206388
6577831
5875332
6966285
6971000
6971402
6962989
5456072
2054912
3325271
6967300
6968672
1263531
1345305
6855080
3229059
3021369
1163756
994007
6967277
2743348
6568491
1176952
5251728
6955502
5862428
6969884
6814882
1382791
1419144
4419083
6965252
5213299
6958326
5501237
1358460
6908191
6956515
6968818
6969498
954975
6966742
4512292
6969335
2478464
6958975
6968848
2942710
2925791
3028011
6940169
6959263
6963132
5650128
6961823
2566177
2025435
6968839
6963087
1235242
6969337
6963607
6895446
6964964
6959705
6964492
6969087
6967553
6966566
2338346
6964887
4616608
6968208
5281097
2087949
6791912
6968015
6963543
1436462
6964581
5525415
6967407
6876040
6865241
4600871
1845497
6967684
1308093
6868692
3152774
6957934
3612852
6967135
1133975
6954084
3722685
1536476
6962333
6966310
5245550
246649
5220712
5218544
1578724
3011311
1917001
6958396
6966450
6960444
1387913
5870502
6872043
3248762
6960353
6966234
6950909
3565793
6961990
1158185
1440423
985485
6424959
3378222
946066
4752005
5200658
2959247
5606962
6670495
1609122
1133973
1585672
4657636
6866330
6911181
2296696
5220208
6817345
6935751
1145419
5339360
6957444
6621887
6803731
6933485
964960
4448496
5810831
3196055
6959106
2117669
2693486
1194569
1941954
2437406
6965181
5476929
6961820
6945470
963659
6703247
4618439
6902725
6962054
1691017
1979597
2427870
6960029
1999815
6960163
4469228
5598157
6964531
6964531
6942082
6963214
6961266
6964365
1458905
1804471
6962517
5048510
1201386
5072068
6963098
6963654
6963654
2446880
1435325
4617616
5393893
2961150
5628677
2654251
6952899
6961904
4474232
1901733
5448415
1542109
6962382
211256
1415808
1445364
4833149
5480493
6949512
6692585
4785582
4825191
6954357
6962151
6961488
6960301
6961928
6960391
6953194
2986536
6961728
3118095
6960720
6942947
6951203
6945379
6943399
2486315
5086088
6962203
2955239
3675188
1877145
6961047
3611113
5412931
6961140
3610018
6960683
6961682
3009197
2941604
6959221
6959434
6741337
3044838
2888246
6954185
