2645191
2863771
974021
1368914
6972791
3723248
6977968
6963077
6977773
950154
962280
4576260
6973755
6963859
4609676
6935646
6970552
1141359
6965491
6734248
1456372
6964053
6951510
6492223
6945036
6942092
6953347
6422296
2258767
6948880
6944681
1113909
1787670
5307841
1201835
1415099
2962209
1869297
2634462
6930002
6933693
5340445
1631637
6456127
6534436
6927731
6935634
2603135
1153383
6933825
6892125
5898559
4823542
6932240
6861353
6923645
5778530
6845429
5872285
3024224
2737025
6908506
2789352
6925666
6925356
6818005
5697954
6908036
6912322
6871062
6857517
6918594
6866445
6907550
6903006
6910669
6913842
6896490
6905722
6908377
6756112
1504489
6890312
2273474
3765140
6894279
6883086
6891643
218891
5610924
6885988
6882393
1275539
6793782
1456986
6869515
6882308
6877205
5732241
1025886
1163156
6873521
2949512
5304871
6872041
3071302
2179044
6862232
6827215
6849124
2945671
5626135
5186310
6858855
5443722
1181360
6856381
6858160
6831833
6849635
2731953
1358068
2266645
5750784
6843614
6821994
6850214
6851230
6745611
1357372
6838921
6826779
4428945
2160606
3056249
5727428
6797716
6814720
6819485
6835571
6834616
4756441
6821394
6642976
6815979
6814978
6794748
6818125
5760073
1651327
6784143
6794774
6803487
6810543
6804610
6800999
6796807
1386827
1557895
6772573
6773142
6781343
6781502
6791100
6793079
6796394
2528021
6790361
6786730
6794398
5849976
2125768
1037548
6794212
6762548
6789582
2944624
6786956
6446118
6703677
5882688
6675236
218903
3619982
6558018
6774021
5487467
6727357
6772934
5335361
6766692
218959
6768941
6759228
6768848
6762762
6584154
6757148
962421
6719424
1104470
6748876
6754147
6756229
6662882
4667172
6738960
6752991
1368574
6746015
2869306
6744133
6744406
6744406
2445911
6726935
6743194
6450637
5170581
2659105
218850
4443510
3115677
5196841
6670296
6736844
3133470
6524651
5756813
1382245
6722180
3301951
6709152
6536648
6717207
6698388
2778979
6675366
5631938
5866485
1265267
1306796
2196982
2738228
4943922
6702444
6699176
5853739
6438310
6695438
6683242
6692128
6693083
6663991
3734337
6679480
6684953
6582447
6631420
6539264
997830
6680652
6656110
6539464
4708346
6536985
2852480
2514239
2671786
2378632
6671158
6671252
6667012
6667897
6667848
6668992
6668842
6663541
6424439
1067533
6663871
2221121
4647003
6618706
1712356
6636129
6641919
6656859
6632033
1666822
2510853
2843934
6627179
6630154
5327714
5617096
6631312
6632716
6632288
2868651
6636274
6631876
6632601
6632722
5693793
6629578
6588431
6608754
6595605
6611210
6621831
6587814
1301111
6591373
6548354
5887684
6593895
5175396
6549938
3252196
2750038
6589385
6588024
6584495
6583690
2190038
6583890
6576359
6571867
6579207
1557765
2433627
3099307
6571196
6557252
5166195
3733494
6548382
6556257
6562468
6569334
2655003
1599508
6562665
2482467
4718110
2202707
6522195
5199767
6553052
6551882
3073690
6529941
6544884
6539372
2735332
6523814
6527867
6520450
3425904
6525657
6516362
6514538
6518456
6520882
1357351
1642844
6513653
6510652
6504773
6504102
5860562
2817176
6494650
6503628
6501564
6496622
6501463
6499320
6492380
6495807
6492001
6491768
6483752
1526386
6490892
6451229
6484535
5784592
1556211
6476223
6470717
6480700
4515144
2441526
6466563
5523078
6476049
1287358
6472128
6469275
6438135
6446919
6465718
6424300
6452496
6449379
6443143
6452971
1275021
6446571
6444539
6419810
6436182
6433901
2783610
6413084
4597140
6430182
3348924
6424458
6424036
6423660
5899186
6417604
5798241
6412141
3383146
6408345
6412109
5509859
6410680
5868725
6407142
6402941
3091656
5902918
6400937
6324124
5899734
5872356
5431717
5898584
5808416
2510537
5803132
5805857
5807314
5809019
5817341
5829160
5830218
5847836
5850054
5859074
5886220
5888423
5887974
5888851
5887897
5857814
5810683
5844338
5871767
2897631
5882642
2478797
5879123
2311678
5875720
5684189
5823732
5854611
5852039
3268462
2876601
5827427
5538972
5852479
5851153
5850019
5849483
5846292
5847119
5842358
1411421
5839741
5833419
5744829
5743116
5836213
5825178
5809125
218857
5821173
5828923
5215535
1763294
5823053
5823198
5819744
