6977931
6801859
6829449
6978403
6978403
6970119
1850141
6973429
6968905
6957647
6974399
6974399
6652234
6971415
6869840
6951174
4586286
6606917
6961791
3005708
6869725
6901963
6902923
6913887
6950344
977436
5137442
6952269
6947653
6947653
5139342
6812090
1845695
6898618
6947454
6845677
2975594
6473233
6935977
6434852
3273919
2467657
5508924
6905074
6845973
6909085
6815435
5603445
6816367
6894678
6906049
6897035
5236731
1645504
1298059
5198181
6925636
5403785
6929883
5637414
6683360
5281440
6903915
6920260
3174881
5035569
2145350
6825591
5259919
2297649
2110079
6908801
6433409
6595136
6887183
2746066
257886
4659303
6692038
5215391
6416009
6805300
6855428
6886482
1144277
6863399
4624262
6752262
6807619
6854963
5764119
3435976
6781074
4782838
5820650
5228586
1602261
2748136
6860253
6782090
1811067
2457423
6835135
6577385
6837328
1799085
1216004
6599199
5835630
6682227
6794104
6825979
6685427
6704520
3727202
5036913
2777900
6632900
5328683
6802626
6770923
2869446
6701456
5421492
6714837
5114842
3060185
6788258
6550949
4628210
5245261
3040665
6778945
5252641
6779254
1980995
6777791
6683963
4737876
6754618
6777707
6777707
3410852
5615617
205447
5428794
6752651
6428706
3034116
5734114
6750895
5189465
6743533
6495184
6743006
6716489
3699202
6619950
5648372
1580032
4466103
257067
5155488
2804377
6696313
6730404
5759914
6715717
5594602
6465531
6611684
5759632
6658785
5640888
6711580
2059828
6707220
5623713
1931780
6698880
1931791
1883129
6677091
3354237
6666086
6686999
5077121
6660010
6665484
6496769
6496619
6672014
6663917
6656614
6666923
6449462
6621412
6663017
6511120
4775782
6652946
980431
2080181
936353
3332831
6637578
6646288
5491758
6638615
6644674
6645067
6646593
5300558
5612462
2148881
2137668
6595154
2693111
5685970
5472774
6527011
2740941
4533937
6624133
6625569
6614965
4631038
5491294
6606281
6618450
2098852
6603374
6590101
6600578
6602719
6584299
6598870
3352739
4553840
6557491
6585659
6593308
1064703
1420069
6578080
6549918
6547509
5700198
6568455
6561391
6574844
1892165
5042525
6559368
5705940
6555879
6555595
6547241
6415238
5510805
5302826
6548585
6530289
1120698
6545245
1925344
6536144
5651803
5814752
5815777
5853469
5167320
3703105
6507852
6506736
6516626
1442614
4723135
5815539
5550159
5798319
5816965
5794153
5722856
5764331
5764862
5789265
5821013
6481305
6495166
2867765
2177276
6494683
1350069
4777064
6491577
6485201
5825597
6480748
6486422
977269
1898570
5634811
6456778
6468991
6467692
2141078
2447622
1048664
3116359
5392909
1821977
1060873
6467525
6465927
6454479
6453900
1225965
2746695
3639122
6446322
1030371
6445371
6435466
6427393
6427926
1683700
5621242
6416972
6418042
1407912
5589186
3260331
4403845
1036429
6416185
6406613
5343108
5844593
6400848
6401973
3624337
5868696
5899447
5891829
5888148
5858541
5883916
5866075
5870850
5869231
5871904
5868131
5847257
1032524
5426119
5468999
5150839
5855691
3608574
3060199
5047249
5032401
2648287
4729254
5796875
5819768
5838488
5838537
5536920
5101262
5754362
5477379
1261466
5712876
5819470
5766430
4545414
3350639
5487169
5789826
5764728
5610385
5536148
5612130
5113803
5790466
5611699
5782627
5783486
5130407
5775029
1200888
4639241
3749905
5699028
4524145
5499955
5747978
5754507
5749356
211433
5753703
1036195
5743368
1212591
4497834
5732916
3318381
5650593
5722663
5714601
5432312
5721297
5713824
4823607
5549726
5707233
5519218
5705478
5703308
5703261
5698561
209996
5683076
3685801
5560079
5673851
5305856
5661460
5674859
5093850
1775128
5682697
5674475
5632613
5319184
2077414
5612311
5671165
5665229
5653005
5658558
5662490
5656066
4442805
2844141
5636798
1569460
2837569
5642328
5641520
3583647
5636133
5370082
5633405
5612574
5487430
5625678
1528644
4999886
5610854
5404458
4714619
5614782
5614782
5612583
5612316
5612663
5612660
5612670
5612576
5611871
5612467
5612461
5612322
5612017
1877417
2700418
5602882
2595695
5591558
3344090
5591256
5592987
5592438
5592680
5575704
5584322
4836813
5571317
5219005
5575203
5577225
3614566
1968685
5516618
1047657
5545928
3741856
5572556
5571899
5479671
5571074
1238278
