6950436
2475344
935268
1106377
5727585
5744133
1821434
5563679
957707
2500599
6961509
2918213
5735196
6927433
2675506
245244
2232407
1117814
5435448
6922817
5616081
3408641
933120
6868787
5746669
6894457
933382
777421
5502598
1075450
5747504
2486486
1360745
6884062
936083
933050
6459932
6878938
2576911
926647
6878813
5539324
6855996
6850572
6846426
6852408
6858356
1113192
6806556
1742192
6785792
2381616
3244319
933228
6829348
6824819
6817524
936478
2141855
2131528
6756794
1324017
5676149
1039987
6417377
1774305
5608068
6746113
2781337
954482
6717187
2598188
2334025
6458049
6740879
1050965
2120547
2766106
2120754
6736547
5517219
6730333
6703385
5467872
2706078
6704408
1050215
1050742
3356140
5516937
6697177
6701992
2173551
5805200
5668834
6668007
2148071
1084330
1471784
6680568
6678559
6674043
6656087
3114484
5682373
6615974
3625354
6618516
5435569
5519587
6529478
933376
5567617
5676741
2770504
6560060
5494207
6522599
6517867
935016
5882788
2454091
6434759
6458736
1050941
6455993
5899134
6410882
5784947
5877923
933553
1469064
5847536
2782611
3655932
3645747
2450757
5900751
3712111
6413101
5831906
6409950
6402622
6188795
5900749
5900750
5787355
933478
5538188
5889788
5877930
2546430
5760810
5653945
5675346
5873658
5654175
5876942
5862340
5871962
5728007
5852321
5853005
5855767
2426652
5856935
5853826
2142494
5847729
4543875
5844666
913283
5837378
5297419
5806437
5813763
5823472
5829664
5833250
5834134
5837779
5835600
2421257
5610370
5828832
5826477
5827654
1499326
5825864
5252955
987107
5814087
5820972
5790055
5785877
5799001
5807762
3204870
5801078
5797294
5794329
5794858
5783972
3009835
5419599
5662042
5782307
989015
5777956
5779304
5771637
5770625
5772629
5773899
5777425
5776880
5764196
5758254
5766760
5642340
5750073
5758670
5683069
5734206
5746367
939156
5602563
5726298
5683842
5702079
5659757
5693397
5729993
5731145
5726223
5736742
5676481
5741884
5741533
5723389
5544411
5529123
832530
1057353
5735894
5733842
5738865
5737048
2241209
5736679
1446089
4773101
5723573
4524618
941899
2120583
5730929
5725385
3159175
5711281
5714442
5704184
5701494
5710605
5719272
5714356
5710344
5708224
5696443
5495304
2130265
5700280
2381652
5665769
5699616
5698050
5695934
2401403
2396384
2253062
1303023
5693238
5690118
5686777
5688537
5688761
5690296
5690456
5685659
5679010
5676451
5683742
5684083
5679946
5668820
5680402
5678277
5223985
5677436
5676588
5676138
5676123
5674134
5665542
5670394
5669891
5669635
3318177
5665978
5665280
5665774
5658952
5658781
3261436
5660826
4433857
5660382
5659718
3201452
5652702
5657058
5651012
5634610
5652033
5648633
5647434
2401847
5639770
5493670
5611252
5633835
5634275
5632929
933203
5630114
1050019
5614676
5359119
5615044
5605762
1798618
5609862
5601789
5598092
5596591
5596897
5604160
5602139
5461808
939763
5564008
5596239
5477007
5594547
5586324
5580446
5590340
940812
5577930
5589802
5462103
933425
5551196
1050356
5553557
5548915
1049152
2615835
2122143
2132064
2462650
935299
2376094
5500812
5502003
4625175
937609
5487783
5481766
5489385
5483235
5479850
5479412
5477839
5467256
2133681
5469559
2119923
2925379
5444624
5364552
775270
2128620
789171
5361086
5394139
5407534
5386993
5398913
5398586
5392351
3445311
5399111
933014
5368275
5388228
5396510
5315009
1049810
4832760
5359167
5323245
5265167
5353754
5349924
5343364
2430053
2392893
933400
5311152
948324
5294650
5288378
3725059
5284693
933423
5283296
3669974
5254417
5211651
5260006
5243501
5228141
5238298
4653062
935046
5217215
5183237
2129088
5142570
5182406
2752900
5174606
5169224
5131268
5150791
942793
933219
5150898
932866
5117730
5126694
5053982
5077263
932770
5105108
4868857
2635054
544096
1051066
4819576
4632979
4755866
935640
1544379
4747492
4519190
4767770
4759988
4718327
4741684
4734634
4557628
4629166
4654430
4643413
2471219
4632358
4594309
4526311
4560599
4594264
4388554
3643068
4551525
4523502
4493560
3600701
3683490
3683462
4457898
4435469
3630422
2459860
3743141
3716909
3672981
3625154
3678629
3712775
