6979356
6978369
5823007
2625163
6978219
2606922
1870893
6963571
6967818
1172980
6976215
1877075
6976224
985634
1750192
1357902
6976743
6970793
2620982
1220453
6969865
6975239
2570187
6974537
6972757
6904182
6958185
6973271
4734660
6974842
6974266
1192081
2000771
6972661
5056631
1115470
1660415
6972349
5582829
1208268
6962171
2696979
6974075
5766195
6971945
2404938
6920748
6943664
6845191
1546828
5482726
1174338
6882519
4743891
1104072
6965730
1829238
6968996
6967709
6802008
6970536
2344316
6971028
6969935
6896734
6970656
1116689
6963832
6964196
6952020
1442533
6968550
6861490
6865615
6869178
6869057
6881165
2528665
6968213
6890378
6968245
5529374
1100094
5813385
6961331
4559165
6968789
6966378
2218746
6962828
6945298
6962400
6967437
6966899
6959087
6960402
2134438
1097683
6966282
6946793
6962734
6965464
6964078
1345127
1237718
4580835
2263832
946502
6954490
3398760
2499128
1100024
955020
1408929
1684880
6948118
6959622
978685
6960662
6956188
6958310
2185629
6945304
6959891
4812014
6731907
1114380
4506442
1435049
6957393
6735115
6945423
6957180
1540268
1041410
6956987
1038793
1182001
6955551
6949215
6954290
2213296
2944682
6948493
6940908
6953761
6950708
5722435
209205
1792559
5856220
6658500
1940839
1658673
3427328
6952921
6950884
6953318
1029796
5216051
6951560
6947566
6930040
6949393
6941768
5146799
1826487
5819469
1820190
5822729
1759449
1647933
1734499
5640369
6947759
2623634
1874562
1834933
5246045
2021574
2658839
2386085
1094871
6947913
6940799
2672173
6949024
6706975
6944105
5631534
6946744
1817527
2619597
2157545
1847624
6937987
3439128
6943280
6843863
6872222
1889865
6937563
5819422
2706774
6943089
2978255
1355738
2794978
6940489
1241462
5823121
4777565
6837282
6936203
1703327
5145948
2015477
3329713
6937272
6937159
6936873
6940910
6941086
6941714
6940854
1098918
6913147
5180438
2350921
2228009
6932522
6925087
3711093
6934278
1030931
6934016
6825944
6932120
1318235
1223683
2349972
6848104
6928335
3090733
6924638
6933255
5360845
6443636
3443139
6886225
6927511
2244491
5146353
6930051
5039959
6929910
6891305
6930024
6871168
6509142
6881902
6927104
6837311
6923596
6928501
6928545
6923825
5738862
1323723
6926814
5779037
6865610
5572282
5892251
5229167
6920046
6908810
1538944
6919242
6922664
6924498
5775080
6924289
6914193
5319025
1104288
6922073
6856593
6920095
6922807
2658900
6914522
6760998
5872466
6851122
6919053
6916576
6919663
1468037
6447596
1482018
6914815
6918711
981514
6895690
1449935
5777002
5764210
1468007
6916314
6917060
6912776
5379209
2610940
6915671
6914856
6913317
6914393
6912508
6906390
6907503
6908989
4446574
2269600
6911465
6894096
6911257
6911757
1479845
2982755
6911498
6905561
6906435
6846807
5326588
1369372
6907359
1457059
6899630
5860520
6735978
6904989
6905837
1036122
5451217
5421779
1961818
6904213
6899086
2390151
6900788
6899803
6807798
6902673
6903577
1475061
2748891
6787143
6892202
1196220
6894777
6894248
6899556
6897975
6895740
6899816
6899171
5221211
2412475
1718329
6898927
4434775
1176846
1287082
5285419
6707901
6899971
2595103
6891814
6889593
1111469
3325066
6891513
6898518
6717689
4779324
1104646
6895214
6890781
6893627
1091894
6892231
6891201
4708732
6890492
6839802
6888168
5375265
2160436
5469553
6888673
6890549
2280374
5682832
2285521
6431897
3760053
6865949
3737928
6678733
1074399
1386014
6537055
6888508
6888838
6888629
6585376
6883841
6854364
6441213
6886972
6885355
6887716
2488923
6886183
6886985
6883539
6863332
6872873
6719344
6884018
1406596
6873571
5327763
6884348
2860518
6880969
6879555
6872590
6875640
6849347
244471
1144081
5364900
1759470
1475038
5173992
6873071
6878698
6879016
6877627
6874464
6863972
6867811
6870517
6870104
6873250
1365820
6875308
6870738
6873880
6869545
6464612
6490942
6873437
6874307
6874106
2492016
6872026
6855824
4852518
1744732
6840703
949880
6870311
5833488
2114317
6866107
6869745
1228114
4583747
4464068
6834170
1661467
5589612
6867838
2346291
1325857
6866166
6866544
6865617
6863711
6857101
1170734
6772543
6864729
6865512
6865511
6858270
6855570
