6971196
6838476
6979861
6979861
6535773
5475650
1859915
937008
2154502
6979022
6978611
3052729
6972138
6975930
1462159
6969542
6978289
3168794
6977180
2740206
976098
1142438
5758593
6976195
6975069
6975631
247369
1466835
1188435
6974962
5143294
6972690
3056385
2813178
6971193
6973336
6603288
6855895
6749315
6749315
6974412
6701200
5575797
213384
6923802
5578888
6923664
6666252
6973402
6875721
6960497
3333819
1139052
4771400
5137059
6966053
6972086
4657310
1932053
2368185
6971036
2884435
6965160
6969656
6955767
6970052
2940068
2902780
5222516
6962452
5347638
5344079
2048811
3660156
1049671
3056340
6931974
6955470
6967617
6961983
6729975
6960108
1231926
6961921
6961921
1082153
6775374
6963936
5564609
213348
6753864
6953882
5481400
5746645
6962260
6950519
4634131
2955796
6961090
6960081
6960606
6754394
2658452
6959563
6955683
6957400
6946016
239874
3000429
5540921
6954472
6955454
6936414
6951561
3707460
6940139
4633582
3668827
5341851
2667048
6936072
1583327
6950855
2190829
6951226
6949301
6949848
6947851
2733248
5488258
6951766
6953368
1112334
5378238
3250943
5747409
6947465
6907625
6951398
6951398
5595394
2298929
6950006
2179399
6914210
2203727
2614627
6929711
2936267
2413293
2419827
6948742
6933528
1950826
2785645
1336867
6931766
6945219
6946873
2306060
6945146
6944864
6933258
3049974
936996
6944089
1178340
988370
2118357
3338048
4553527
6890883
6433382
2030783
6939450
1103263
6944020
3742259
6693951
6943188
6943188
1932743
5770060
3758319
2747178
3328776
6932730
6660916
6932942
6938483
5501121
6939545
6939233
6773985
6938450
6933657
6917505
6931607
6933912
6935994
1556195
2355119
3347456
6932284
6933338
2538083
6765264
6741321
6933680
6891989
6932709
6847824
6927778
6928933
6447816
6932316
6922588
6926353
6930263
6928948
6919155
6931982
6803236
5819379
6927935
6740113
6930543
5711797
2428725
5313518
6911990
6900861
6908787
6910380
6928591
6916009
6927562
974582
6909436
6926158
5896076
6925700
1612397
6922785
6918841
6535238
6924271
6924271
6912864
6913921
5039906
1207967
2792276
6755001
6923367
6830274
6909501
6772041
6918686
6918742
247216
6920592
3101318
2910906
3717525
1867277
6808161
2795955
6684616
2131551
4483544
2112370
1502238
6415150
6916641
6916641
1015496
4707295
1004432
6916111
1075907
6599230
6751551
6914772
5754627
5334766
6905644
5372315
6893334
213408
5180796
5606698
1546920
6898142
6908885
6909326
6427684
6901234
1894293
5438394
5743151
6482156
6905655
6859834
6562140
6895999
6905860
6566225
6884478
6898219
1195149
6892518
6896318
5675273
6900254
1218617
5312626
6900373
5386771
6899690
6901399
6798700
2736435
5274645
1505750
6897304
3100262
6881954
6893765
231783
4617857
6877073
6888401
6889262
6892407
5821690
6887042
6406165
6884743
5497229
6885036
222090
5633653
1563689
1086374
2116450
6884970
2470749
4449349
5808392
6889868
6885792
1156923
2501734
6887768
1929279
6838423
6885476
6856061
6871593
1426677
6881755
5791798
6881836
6882900
6884625
6877851
6872869
5551914
6441609
6664095
6884416
6878197
6884971
6880347
6882940
6475937
6843238
3215342
2108457
6881534
2603805
6877175
6873172
6861469
6869869
1028610
6877505
6875970
6877870
222028
6876427
6872926
6873148
6873177
6856737
6859342
6780896
5861867
1085772
5561802
5576841
6665330
3561524
6825649
6825649
6872117
6861524
1308586
6627019
960475
6869884
6870116
6869926
2642681
5366051
6818524
6806397
6853023
6867474
6866928
6863690
6863042
6862714
4638419
5500317
3327757
5750195
6652692
6857538
3240401
6862966
2486815
6775101
2538732
4591268
6858239
6842351
6862471
6861491
6855753
2866301
6859402
2420904
5647938
2469442
6730805
1077064
2394871
5844596
6825160
2622369
6836902
6858626
1423503
6824192
6857898
6857898
6774212
6856133
6836532
6847454
6846991
1400518
6828111
6841659
2008686
6699184
6728939
2491997
2524880
6848112
5292135
6850207
6851009
2081080
2110417
2047452
6848107
3313797
6550448
5828540
5896591
1037280
6468213
6848086
5214326
3271774
5602637
6844281
6839647
5384585
6668568
6837350
6839926
6845659
2867758
5055044
5637729
5053424
6839298
2365649
6832222
6785664
5413022
6836790
6835393
6835550
6837541
