6976987
5820441
6534769
6799038
205484
217218
3082874
2286112
2681701
6869693
6891950
6674845
6858857
6793682
6823965
6859734
6829743
3110422
6835166
6687222
6714370
6732264
6670302
6747976
5063744
217156
6572673
6582956
6605465
6610211
6649034
6780141
1407780
6771841
5366485
2754748
6641284
5727778
6451891
6491985
6543565
6571297
6648329
6484664
6516488
6604730
4712644
6564579
6484645
1019733
6612724
236303
4566042
5186042
3256555
6606838
6608924
2652094
6562336
5905113
5704924
5880884
6425004
6409345
6508091
6528137
5750810
6409753
6435171
5787282
1581296
6435168
6435170
2768756
974360
5650526
5209212
1674948
1213295
5854226
217320
5789947
1337187
5723564
4500508
5606717
5690574
5584577
5244061
5606513
5619666
5639338
5684916
5701218
4732265
5676178
5633760
5601111
5584567
5682227
5650400
5678284
5397769
5670451
5598484
5590311
5645477
5647879
5605126
5616226
5616753
5599716
5579770
5587706
5569442
5569686
5574543
1910308
5578238
5567118
5546860
5316166
5510547
5534809
5535474
4810867
5506395
5482757
5493340
5280328
2729072
5422608
5456687
5329148
5436318
4714553
5353440
5432581
5418508
5391496
2600439
5427695
5403201
5398473
5219866
5398843
1746143
4746462
2555263
5387614
5391069
5387000
5379691
1972142
217207
5282533
5334618
5322944
5319428
5279449
4822828
5299493
5300942
5294311
1948802
5277232
5296231
5290127
5287340
5264613
5284363
5273995
5274887
5274998
5272334
5273674
3146360
2350779
2161066
5254169
3640348
5141911
5247081
5213955
5248558
5242709
5233251
5227618
5211152
5231110
5232587
217348
5217083
2699637
5216774
5214345
5177189
5207205
5204076
2254911
5203204
5196422
5199165
5188654
5182645
5180117
5182730
5177446
5077503
5089089
5178300
5179078
5127318
217354
5171658
3111218
5170973
5169574
5162619
5166390
5161991
5159201
5158373
5135958
5151755
1821316
5129023
5135056
5135678
4716267
5125990
4998636
5101506
5112005
4859160
3360509
2792265
5089850
5088979
5088880
5087783
5077348
4867523
3587507
4852879
5045255
5054677
5048929
4843006
4862931
939334
4850107
2109389
4997272
4830094
4862083
4856889
4851609
1877669
4768243
4830324
1736378
4829241
4820326
4809677
4812471
4802931
4805533
4796680
4805537
4800816
4795014
4753547
217345
1061271
4783148
3080753
1739128
1139990
4491824
3323356
217304
1944273
1915701
4777067
4755045
4773258
4761568
1915416
217280
4752680
4574799
4493475
4513366
3053405
217265
2128399
4599727
217191
2070921
4719127
4457343
4699523
4627705
4612873
4597695
4520195
4572326
4576563
4508714
4476198
4479520
3711672
3064628
4463997
4461452
2794886
4447943
4451044
4448000
4448043
4433090
4434534
4430226
3757385
4423852
217285
3285322
3722677
3757052
217255
3331932
3754535
3447021
2014318
3663807
3730592
1534343
3700035
3670550
3717989
3393628
3702793
3682738
3631729
3592113
3630052
3625987
2140183
3472869
3323064
3432312
2035407
3425013
3387134
2426587
1953206
2066223
3323483
3344887
217274
3323373
3302651
3209066
3281476
2477292
3228292
3172864
3205009
3165017
2646540
3141657
3175082
3160851
1869646
3055789
3113707
3083641
3069544
3067993
2833114
2957154
2930032
2899861
2851750
2985857
2951779
3009277
2991144
2913745
2671243
2742170
2931670
2930686
2072279
2750610
2886233
2823876
2839559
2872114
2834333
2557737
1088424
2828414
2808349
2738413
2279645
2674357
2770972
2778965
2758884
2736269
2715213
2701741
2668548
2637661
2667475
2575841
2454418
2633195
2627948
2428761
2540934
2553655
2523631
1911686
2115812
2446290
217184
2485778
2398176
2476034
2477043
2446689
2449754
2440014
2419703
2419531
2258862
2397756
2378317
2331066
1135026
2342289
2125860
2267019
2296606
2296771
2282698
2262047
2179394
2122804
2235375
2199217
1038781
2129947
2214751
2142580
2208937
2196908
1980749
2199872
2150124
2179921
241994
2165256
2006673
1909226
2165990
2096591
2148254
2112420
2136479
1898404
2132492
1883812
2119715
2118381
2116361
2055950
2059217
2090550
2089350
2094641
2089168
2089467
2063110
2040603
1510065
2075832
2052902
2045779
2052012
2035471
2038371
2026256
2035280
2020096
2015996
1634944
