6971197
6177795
5842938
1382821
1177930
6969237
1200746
6974258
6961873
6962076
6804364
5150656
1072016
6936664
6951149
6879964
1526311
1204894
3729723
2082383
2846137
2139544
6954858
5198110
2599325
5807263
1209222
6908788
6946070
6948127
2142092
5297968
6939516
2124431
1861676
5872568
6933181
6924551
2510248
1099596
2530545
1023942
2677447
2849910
6920225
6911060
2523720
6896440
1283259
6895220
6896455
6882332
1352514
6833418
5286498
1604587
2570029
6896439
1139096
5350391
6882456
6558597
6826940
1143864
3563050
6877852
221750
4551047
6867446
6861991
6746214
1070406
5233890
6821990
6857490
6847556
6815121
6796945
1471314
258464
2555108
6822827
6706349
6740714
6754932
1932244
5367772
1914788
5506674
6778371
6781226
6787033
1384817
2616958
1471598
2467725
1142160
5709837
6735428
6790534
6678196
2753005
1466770
6657766
6691900
3029947
6794632
6739115
1222093
1861103
1070685
221875
6779303
5226867
221714
6749650
5085366
6751379
6779926
6764597
1446909
2222328
5170698
1143293
2451181
1263941
6753939
6714445
6752150
1086377
2731915
6739289
3025219
1172843
2057169
5049039
6717122
6732549
2530587
6728147
6660447
5825065
5411822
6705386
6713387
6689812
1020516
2388362
1432730
6680881
6639247
1219748
5217287
1339642
6693138
3007824
3041364
6656393
6631509
6688511
6657696
1214651
1101217
1076213
1054859
5369860
5899393
3066014
1059629
3195138
6638435
5064782
2780526
6638193
6646658
1897086
6626259
221738
6546476
6436014
1050097
221855
6571229
5031885
6587177
6614528
6616755
6616995
6588187
5205891
6584805
6541287
6540571
6569663
6554841
6557545
6570712
6549579
2346455
6557888
1912267
6548092
1071154
6537672
6537267
6523391
6531509
2536878
6506607
6507383
6442917
6497961
6504416
6503291
5779756
6491218
6485504
6490929
6478947
6465007
6470696
1600449
6462348
6454485
6466273
6401688
6414558
221853
6458708
2225633
2360774
6411982
1142947
3191874
2235001
6430551
2213533
4765145
6420376
6417431
5867733
6413802
2364754
1097320
1114806
5904219
5898384
1318892
5882493
5861607
5878863
3373495
3706646
5879209
5881755
5871385
2355822
5851475
5865627
5863425
5837218
5839180
5834170
2855922
4754409
5249444
5834239
5821837
5826042
5788203
5790022
5781051
5745364
5768748
5782526
5762880
5766703
5749314
5749801
5744343
5736450
1113196
4434433
5730063
5726089
3606792
5719197
5681154
2577146
52069
5709478
221784
5245961
5689637
5655968
1089428
5542958
2333107
1570182
5664494
5653024
5657888
5654591
5636593
5653768
2195594
5642223
5625093
5586325
2905186
5582561
5599513
2222381
5245826
5540929
5492178
5570492
5551869
5564146
5553430
5555929
5550123
5524779
5529271
1069200
5502085
4549622
5382850
234980
1395094
5309693
2267110
5488062
221793
5436734
5483984
5453185
5467112
5377912
5412176
2214553
221725
5461520
5421456
5453989
3132606
2267718
2355417
2271289
221796
5414190
2233644
5401110
5403384
5383661
5363572
5356332
1420007
2386266
5362573
5362922
2555347
5331708
5324653
2200899
1781187
5286555
5317907
5325077
2461817
5296732
2708812
5273285
5298425
5295081
5294042
2177420
5293871
2132172
2147444
5226869
5280698
2182608
4734151
221847
5137995
5270343
5275750
5271416
5271169
5272023
5265082
5242822
5259518
1324701
5251010
5258903
1705825
5233925
5245186
5242607
2065578
221871
221771
2150455
5049674
5150385
5222587
4865789
5136688
5134739
221877
5226866
5222520
224583
5213652
5217383
5202726
5089987
221869
5105186
5171008
5176966
221722
2083156
1455768
5117484
5131038
3236614
221832
1993949
3303155
1948406
5132475
3730623
5129736
221712
221840
5057322
2067906
3236943
5117003
5064496
5068051
5119295
5108155
1250651
2804786
5095315
244411
3699817
5077560
5049453
5051858
1272381
2119371
5038306
2413938
5039050
5039364
4860022
4647557
4872441
4814589
1796691
4822533
3233172
4803414
4021462
2902576
4818748
4767083
4814913
1804057
4758077
4608785
4808670
4787455
1920039
1083960
1614861
4727077
2790354
3571587
3363907
4710692
4736228
4716122
4712630
4616089
4610545
4635879
4613933
1292778
4696642
4584433
4567013
4627495
2107118
2120090
