948506
6979399
6977680
3749560
6977663
6974383
6977183
3685795
6793542
1230768
6964953
6799264
6971159
1966903
5183349
4643671
5345964
6949242
2483411
6962691
6967019
1282506
6854710
6954676
1231573
6931542
6959632
5157714
6961746
6954526
6961617
6950160
2005130
6956950
6950566
971274
6943971
2673584
5107211
6950108
6952510
6865597
6781323
6949780
5782815
1061793
6924852
6947534
6631596
6949257
6945537
2357491
6945294
6947213
6939384
6946901
4786882
6939465
4482395
6941931
2839733
6943975
6940997
6435731
6941620
6941021
6939380
6936386
6935333
6936728
6930749
3078390
5543410
6934257
6931931
2611912
6932018
5686925
6929938
5051635
5404880
6908056
1291158
2260103
2076129
6920564
6923423
6830232
6919673
6794142
6917713
6917110
6831372
6915117
4650616
1297336
6911218
6583256
6907706
6897475
6898576
6882597
4595247
6898766
6898833
6889191
5276058
6886348
6827972
6895875
1654339
5272180
4841140
6895341
6877477
2039930
1355680
3691672
6617999
4429926
6852365
3604824
6879899
6875044
5448860
3113086
4428879
6870385
3236323
3077892
5179194
3568600
3241789
4831552
3244466
4430886
5227586
6866339
6864581
6849135
6859696
5296684
6857164
1617516
5895942
1281649
6856947
6607992
6837740
3682411
6760042
4651484
3352214
3126657
3011775
5165292
5184050
4460469
6837841
6764390
6774128
6774128
5263952
6839546
2159493
6813245
5154945
2482952
6824512
2712768
6830140
6780251
6657701
6826828
5578993
6813405
6822791
6821615
6810177
6792240
6769064
6636664
2056991
6742987
3207511
4547673
1281521
4481778
5673038
6802999
6808351
1282165
5380690
6799207
6798135
6799452
6797694
2235451
6794625
216590
6796047
6729290
6791013
6784652
6793038
6779089
3220296
6790108
1650279
6734847
6786726
6780011
5088869
3656816
6782459
6782383
6771825
216624
6779632
6777077
6768101
6743263
6557878
216549
6663517
6772112
1766211
6765613
6763869
3626451
6751527
4464506
6682738
2250346
2706755
6736374
3680843
6760511
6745065
6743439
6756110
6760958
6760557
1449638
6729514
6719898
6757079
2629511
5660770
6721200
6520119
2554163
2858447
6739673
6733079
6747343
1496428
4507871
3278972
1280544
5420830
6744043
3152520
6719169
4635381
4637114
6726143
4717610
6723024
4806344
6723688
6699914
6718403
216564
6719320
5792416
6689295
6710956
6714845
1618909
6708640
6686751
6689090
6712087
6709719
6684005
5765261
6580180
1599495
6697724
6697442
6695121
3652788
6686750
6688713
5565796
1955972
6683663
1953084
6683590
6625218
6667664
2756405
5096548
6668358
6668290
2814156
6673320
6670199
6652158
6666284
6669446
6667041
5613310
2955300
1822005
6663545
6662506
6658426
2078203
6659233
6652937
3622066
6632809
3088973
6451676
3328763
6650584
6649433
6574962
6610683
2020516
6648546
1991913
2055790
6641105
3224563
6644702
6628728
4857915
6638759
6621582
5413063
6636212
6461749
6570121
2868816
6635434
6602384
6634738
216601
2979023
2567776
1459993
6579142
6627011
5348522
6607925
216607
6619193
6587773
6377304
5439693
2034667
2695462
5133554
6611815
4406316
5084371
6591162
2467855
6602818
2660520
6605489
6604332
6583909
6578088
5168898
3422727
6576915
2183816
6576366
6588228
4623964
2710547
2899129
6402785
6576051
947959
6580402
6574225
6573721
6478296
6573675
6566063
6570524
3623657
6570429
6559896
6568131
6568775
1169485
4646710
3163654
3080177
2376336
5665714
3690938
1964374
5530578
2416907
3227507
2109365
2960297
4695851
1106650
5569032
2196260
2641870
5535849
5871890
6544188
6549200
6547170
3432992
6534208
6532765
6546841
6543555
6540194
6472774
6542847
6540636
6514570
1452375
4466008
6526277
6528508
5756722
5669885
6516474
2437845
1280187
6520248
4588854
3693303
3038215
4537302
1614189
3319465
6524045
6514763
5431841
6515964
6510742
6518541
4719315
6486166
6502554
6508045
6510608
6510089
6504055
6507264
1971308
6507672
3691435
6497270
6502125
6496029
6499463
6494704
2362183
6478962
6483948
6465530
6468919
6489422
6450256
6482802
6482019
6476640
6475229
2997504
6475710
2047117
6416358
6450894
6466596
5886690
6469308
6439405
1047349
6455914
6466246
6462370
6457549
6441686
6461376
6458446
6460267
