6979096
6964816
2884591
1859576
3172298
6974605
6959022
2761999
6978432
2632429
6978871
4810929
6973348
2163702
246533
1280881
1089053
6977785
6976285
5591800
6951624
6967901
6976645
6945095
6966342
6974919
248265
6967478
6958333
233469
5381264
225912
6595836
6435151
6847207
5657658
6591794
1838649
4489112
1241948
6963491
946116
1408446
1437160
6964617
6967097
6837922
227137
5481418
6940683
1141107
6964717
6965622
6969890
1148287
5470952
207723
2870812
5846519
209252
3035218
1240317
6870092
6954748
2988548
6959485
6957187
6825148
1399585
6961073
6961343
6962805
5766704
1941859
1400509
5809499
6491173
6873044
6873043
5514989
6437828
5178720
3721240
1823331
6964749
5049004
1035571
1960871
6955897
6958250
6600002
6959396
6555734
1087691
1291502
2941989
6961740
6954669
1051620
6950588
2989646
6955286
2318228
2897166
1666701
3428621
3065748
6869581
6924088
6925201
1839008
4596416
2869363
2880411
2910096
1302333
6956163
6955190
1783223
1510783
1465006
5738893
6832762
2212443
3251235
1141547
6952963
4866506
6950935
6952509
6530734
4801150
207767
6446799
1162766
1176542
2560830
5102120
6863438
1938286
1548549
5599005
5491654
2987506
6950068
1040763
1780631
2882797
6918249
5903231
4740438
6946102
5131457
5634297
1834214
1673595
6838357
1808123
5202765
6946939
1888422
2340501
3276135
6907823
208254
3747037
2939673
1807857
1664145
243298
2224509
949525
992417
3180434
2602345
6945150
6947535
5383679
6934838
2623854
3750935
992597
240378
2033074
1921326
5652416
6560616
5137714
1537802
6942762
1087834
6944596
2391017
1054297
1728529
959393
250689
3666603
6840043
5338781
2137414
1463475
6938849
237927
6940263
1441982
6921233
6851283
5172764
6925076
208110
1742113
6925429
2241725
6853001
6937644
227095
6936156
1875652
6935660
6935876
209277
6931015
6930528
6921002
224306
5704981
3342781
2950112
1686699
1508684
6915242
6913970
6914368
6916078
6919932
6920356
1865951
5510909
6934848
6929630
1491710
6915592
6928939
2078878
5064437
1711801
6818162
2343310
5496216
6924422
3667688
5246963
6925264
6840029
4698994
6775510
1399573
4800415
5901084
6833396
1101940
5886093
237013
1186504
6916814
1230244
6924758
1742237
1082392
6922292
6506093
1110213
1719005
2629591
2555947
6922419
1168199
3664601
6918785
6912374
6899029
6913016
5399646
6911659
4601137
6541800
232643
1992719
1400379
6718503
6909776
6770389
6914052
2546846
6915089
3009521
1496329
6898635
6910760
3681841
4622243
6908792
6914001
6905754
4580258
6907330
6907758
6901927
5116651
6913804
5650178
5660791
1148298
6910127
227266
6905547
1641141
1366774
6906201
5896308
1107440
6907211
1349911
6904957
6898464
2477228
5889165
6905666
6897753
6710987
6855033
6870959
6871795
6872079
6875283
6888966
6899419
6900616
6902511
6886681
6895528
1357671
1950021
6900807
6865990
4572462
53030
5124609
4406111
224762
6885048
6885051
6875969
227196
1429966
6899487
6898341
6897674
5887601
6472212
6464752
1960668
6895326
1789246
2890953
2901491
6408166
6887910
4538264
6890537
6895219
6882487
6877160
6897296
2069552
3330730
244164
6894502
6895306
5555863
1707089
6889326
6871842
1791468
6885047
240754
6887413
228000
1021940
4826194
1380530
6889217
6886004
6612400
6858717
4819281
6777060
6885078
6884487
3669996
1025557
2589041
6883256
6884460
6884870
6885880
6885084
6879694
4817366
6883289
6841991
1779769
6829058
1664297
6876593
6878571
6868795
1327072
207822
1921423
3011602
5240509
3444233
6880651
4712471
4728294
2310746
2039641
1802918
1864993
6861049
5383773
2909586
960846
6803554
6869229
6823674
6869573
2427499
1581345
6873888
6864119
2675595
5654226
4609629
1973677
5794148
6869965
5554425
1192486
6866004
934697
4445864
6852116
6475166
4524395
3266346
6507198
5260370
6868374
6863816
6866827
1399982
1592408
955189
6853499
1677395
5267748
6865266
3324063
5354526
1054383
6861165
1236204
1147387
4815370
1471990
6861396
1835035
998532
1271843
6856811
5749724
1306163
1167696
2483968
6861025
6859443
6859721
6853159
6857819
5002768
6858550
2134285
6857108
2419389
6854302
6539854
6823635
