6839603
6923378
6783821
6968216
4701188
1907466
6949890
6940633
6920360
6951160
6940805
244977
6641746
1002501
5085078
6918977
4573852
5569534
6883017
6709090
6896224
6505699
5177388
6895406
6629247
6885385
6887858
1467379
6845433
4733138
6668494
2061999
6548645
5857819
6781246
5194762
3376145
1139834
6684620
1898440
6806974
6698269
5373072
6616379
6617127
6769779
6745502
6737792
3025547
6743507
222256
6608210
4719883
6685294
1058921
4738034
6698275
6698153
5799761
6642719
4655986
5740594
4776184
2307719
4715901
1416042
5490665
4665188
6482278
6510494
1963155
5869942
6505688
5172194
5615147
5747354
5757107
5049869
3750899
5000617
4850249
5139460
4521055
5171208
5640394
1272209
5309259
4634443
5561685
5440996
5554977
5218712
5346572
4599049
1213475
222238
5452064
4546994
4641131
5319781
5371767
5387885
5276386
1819054
5279062
5178654
5327242
2027152
5360979
4578935
1812159
4402316
4825745
4453163
4527990
4659998
3072830
4514969
4658855
4581741
5181938
5277572
5269299
5288001
5202870
4578243
5238408
3698054
4666535
5232263
4841862
4808848
1890180
2067568
5202380
1135412
4833291
5151695
4631508
4836657
4710796
1834265
5224534
4645865
5223509
4596029
5201576
5189916
5190390
2908275
5206806
4831418
5199515
4756999
1935149
5191195
3159284
5187776
5181343
5179379
5174870
5172341
222210
1781072
5170873
5128096
4667087
4639460
4829302
5062322
4800002
4792924
5162471
5158325
5151390
4618881
5135776
2068574
4532124
4868333
5100744
5135577
4789948
5012388
5057396
4822188
5076670
5126486
4724154
1654803
2549246
4477220
4718979
5095564
1903431
1984606
5117632
5102640
5099133
4475818
1379747
4603232
4653947
4746183
5100792
5093177
4861777
4845773
4666610
4453947
1925788
4597470
5070545
4455098
5064664
5062905
5059121
1841998
5042144
5058986
4844941
4829322
4831190
4659514
4832278
5053882
4734170
5052197
5041155
5050764
5047940
5035148
5040173
4822181
1959185
5026955
1836102
4846833
4783910
4830701
3678346
4563918
4855682
4603137
4618033
4843677
1742855
4639189
4822194
4825568
4417325
4560106
4760725
4822431
3693976
4832791
4827503
4547241
4498007
4827957
222196
4812825
1980643
4804538
4809625
1851726
1879943
4454997
4787488
4793556
4818519
4807573
4768528
1917590
4808958
3663400
4789597
3753932
4587755
1912209
4662936
1767483
1785120
4774753
4778870
4771568
4784623
4782831
4749875
4489870
3717845
4781112
4761724
4778723
4783507
4769789
4435837
4768196
1857033
1949083
4746076
4742361
222205
4723861
4739183
4748836
4733657
4461522
1922157
3261669
4726399
1756053
4739940
4720914
4544854
2574097
3407644
4733457
4648894
4730822
4734941
3386706
3747425
4728540
4732889
4733000
4513907
4719486
4720923
4665810
4718385
4708994
4717724
4506157
4720687
1913844
4714232
1808214
4696205
4705990
4657501
4706315
4705474
4705216
4646865
4576090
4483358
3728249
3746861
4699681
2093177
1851949
4637713
4638847
4667804
222250
4539935
1907349
4621326
3308164
3696397
4644625
4624258
4498329
1951313
4444676
1856775
3640892
4637203
4525729
4640167
1971716
2999789
4581248
4615711
4613025
4581859
4523088
4635680
4515467
4619159
4625655
4620533
4604693
4618988
4601703
4579661
2799838
4453291
3717929
4606303
4571528
4588405
4593490
2665168
4530764
3435672
4560044
3436042
3719662
4580743
4396719
3749426
4525721
3730725
3715130
4566457
4517262
4564366
4545975
4463046
4559541
4550471
4560202
4547800
2807889
1845683
4474831
4449060
3603887
1876272
1796719
1855405
4506236
4501618
4513376
4505046
4504837
4515605
3686850
3566418
4523742
4527701
4492513
4494963
1848832
4484085
4490134
4417058
3697949
3028232
4457370
4443238
3129525
4434820
3845327
4423721
4424099
1707677
2890973
4419219
1855254
3148540
1962501
2046741
3295352
1348671
3398030
3724224
1770963
2029374
1976204
3584302
1894755
1442399
3724255
2051053
2109212
2020608
3710945
1843176
2665689
1843528
3704059
3650819
1803100
3583264
3651224
2864244
3603555
3640050
3600711
3621737
3376204
2004220
3448273
2249482
2737929
3060840
2195911
3561603
3446666
3166586
3387585
3435169
2063628
3155639
2115478
1463521
3434987
