1012515
5149925
2630714
209537
6834402
6978287
209216
6977972
227025
3702470
1515034
1005485
1136787
2152571
6977168
1860984
1849510
2887699
4519762
6970334
2930390
6958163
2630179
6972141
1864377
2000374
1571300
1012451
1849484
6972800
2669454
6968271
6973688
6974467
1772242
209294
246433
1730723
5144216
1090981
1018768
6967076
6698591
5184812
6761697
6885625
5123227
6939272
209543
6954399
6954628
6962313
6930095
3105546
1936372
5460787
6946225
6946906
1379090
1008342
5653549
1030361
6772776
6907829
6721996
2896859
2874402
6958162
6949775
6412864
6817463
6835679
6871868
6877248
6877919
6890712
6948126
2287406
2918616
6886832
6954557
4433477
6404491
6410280
6789768
1344337
6805945
1240636
3262148
2993093
4777292
1458786
2025827
4429027
6950578
3246860
6900449
6949636
5143727
1808004
5158544
2620928
1875262
1828705
1818468
1888845
2131655
2429963
6930871
6478528
1720827
1822815
6938535
6924888
5138576
2883601
6935100
1009394
2956439
3741138
2219400
6937369
6927512
5695621
4574553
6649619
6927533
6914335
2607155
2684411
2750492
6833574
4811789
6843570
1180437
6929614
6929614
2154308
5192564
1592853
6908149
2883667
6912155
975494
3396338
3309931
4768286
1772924
1840217
6621064
3089205
5333190
1091921
2639104
6906554
6898814
6907152
6901240
5115300
1196556
5306440
211136
6903900
209668
6898112
211213
6888200
4811756
1001599
6903419
6897099
209659
6869321
6896321
6896728
4658603
6869104
6448249
6895245
6869856
6888474
1917620
6885744
211154
6886253
5739533
2013509
6883337
3328706
6889372
6883004
3285760
5392817
2771012
1009382
6831992
6865467
5354660
1820880
6883627
2550985
2093594
5221486
6876711
209595
6867917
6856855
6872684
6875364
2358854
5811314
2921199
6569913
6852535
6746524
5427080
4712491
5863885
4844691
5885936
4795461
1440489
2775594
6855954
4631653
6856868
6736863
5770151
4553770
5176224
3183504
6837610
3108804
1564049
6850174
5454774
6824463
3741131
6501878
6853014
6849207
6853798
1555140
5633536
6642929
2807656
2362832
6853563
6595554
1321497
3016078
4623529
6848950
6826292
5262056
6710332
5593992
6714678
5757018
6832490
3151917
4788186
6827473
3695182
1245588
6834736
5874429
2484329
6821647
6801409
6647095
6466769
5496010
2687580
2728402
2259853
6807194
6734791
6818473
5804170
6781073
6803637
1804709
6815661
6795994
6797982
6410632
5828147
5184066
227586
4730622
4737358
5162233
5270713
6805980
1385231
4717678
5811876
5825819
6704430
6811417
1196918
3602030
5178792
6794425
6796843
1799686
4619317
228746
4978678
6730416
6664649
3373938
6534603
5261157
2514769
227596
2848903
1530175
2782938
6791688
3314344
5428732
2732358
5058791
2078688
5119891
6503107
6791203
3766354
1384938
5347442
6756168
6757150
6765466
6779600
1467538
3444772
3138471
4578360
4645982
2167507
5746978
5881073
6540611
2710077
4654192
5356139
5287236
4751261
3123119
1032771
5037177
6746056
6749883
6738076
1672645
5135507
6641079
6766767
2338991
2566217
6709511
1680987
5858206
2600329
1006609
2251299
6761719
5571361
6760717
6703855
6752648
6750668
6751099
2788544
6750197
6748890
1312759
4778717
2255092
1212378
4787209
3686774
6736011
6574459
6735117
4526948
209599
5818739
2622313
3304660
5317654
5651917
6729150
4593365
1740116
4808490
2276231
1384165
6479209
6732842
6719445
6728329
4651033
3661466
6556452
5061069
4659579
2131247
6675452
6686934
1481125
6577914
4658224
1402401
2429850
4824199
6699068
5496776
2297556
5286211
5309652
6702470
6704214
1477934
2985361
4504787
6688747
2616464
1384118
6693305
5538549
1985792
1232095
1928992
1295083
209533
6668485
6669079
3126290
6679741
1334885
3352250
1769754
5194019
6540225
2200133
6548405
6542983
6678007
3446403
1240859
2380912
5826923
1384681
6511045
992345
2022902
6633045
3130679
1023200
1917469
5392871
4573980
6644213
5770136
2285133
4589910
5054075
5068816
1384555
6662318
5747157
209212
1002295
3767380
6657819
6651753
6621008
5682656
6642739
2929968
1385260
209567
6636020
6636783
6634262
5048064
5496042
2375436
209670
6527554
6618205
2907087
6625484
5759639
5705721
5439006
1765081
6628610
