6886096
6979351
1227175
214197
1389422
6978629
6974849
6974221
5092288
1856363
6945977
6975305
1866823
1860784
2164957
6976681
214191
6971639
1016368
214513
247706
5249380
5106242
6957205
246189
6953265
6968812
6963922
1116507
6960874
6970586
6927363
214481
5544434
6948799
1117093
6965710
6969844
6961370
6961540
6951455
1087901
6962396
1649688
5579040
2182690
2673477
6964058
5300177
2066336
5893467
6562278
3000659
6955182
2931026
3035172
2472649
2894282
2675408
6955557
5321154
6958627
6539487
214168
1222186
6853973
2993043
1113621
6957689
2131623
6553260
1408711
6950222
2788417
6947888
933078
6949600
6952045
5146730
1102946
5146838
1838896
2221704
6949240
4414974
6942190
1851574
1831130
3365836
6409872
1846351
6942033
6567765
3357072
1503042
4653847
6941849
214471
1003171
1372972
3140119
4524229
5769642
993831
5552489
6459589
6883097
3357108
6818160
6938824
4510669
5511242
1932793
1106106
2132051
1818768
1800188
1812210
6939359
6944233
2396773
1858395
6923182
6711985
5289479
1410847
3670604
1228233
2008499
5532507
5532507
1862338
6852853
2874473
992786
6940125
6936180
3750416
6933123
2928331
6925870
6932806
1601452
1851332
6790209
5033863
5082489
5109978
5640235
6926082
214200
6929820
6917042
6928305
214296
1236282
6412930
6906541
6927190
6925004
2080916
2077945
5288787
6923877
1804039
1217199
1191526
2493133
2117629
214516
6906730
6921312
6915590
5058561
5081570
1354788
6917753
6912897
4426048
1361648
6907862
247408
6914894
5420089
6909298
6910049
6912676
5648106
6909320
6645575
3111568
6904509
6908107
2285362
6901008
6905170
6869348
239209
1321430
945898
1717842
206006
6882915
1231535
1217434
5670814
230719
6904495
6903980
6897453
205123
3609348
6902402
6900827
6889842
6896191
1139111
5689634
6828552
6897647
5746915
1987454
6766317
6895806
214353
6848554
205981
6891361
208293
6888678
6888788
6890748
6889625
6883106
2108033
5211042
989452
5497371
1327286
208326
6706396
214434
6611676
1786260
6885562
214460
2276275
5311436
206051
6882068
6812165
6879172
1172043
6873577
6877745
6876589
6877098
6872184
6872254
6869621
6871749
6868767
6873523
5047058
237719
1807295
1719267
2212546
6869416
2114264
5778240
1108317
5151613
4441609
6868642
2411096
6865732
6859885
5296192
6789691
5221549
6775842
6864098
5347756
4708548
2634885
6842872
6846219
1227834
5346696
4714841
6839665
6858474
6848150
6855534
6849721
6853736
1107034
2505716
1045205
1273713
1254947
6854749
1759205
2563041
6845975
6845368
6851185
6839145
6843574
6838045
4734320
2072529
6845485
6839692
1942239
5798083
214399
6832208
6829178
6833889
963079
6839916
1111214
4844672
6839266
544039
5084394
5113096
5181601
6834837
2159205
6819896
5867331
6832046
6824883
6821866
6827565
1032654
6564204
3194195
6826386
6816899
6817758
5448206
5776029
6823601
2340683
6820054
6815046
2089058
2424897
1914558
6805793
6807819
6806191
2624651
4834567
4771946
4630684
1819607
2322792
6803490
1976139
6780836
6804064
2096929
2212448
239661
2158187
1841647
1536226
6794066
3651914
6804348
6796954
6802817
214186
6795183
6799779
6796190
5489344
6797271
6790699
6793994
6794754
6795731
6790879
6793849
5681347
6790623
6788176
6785196
1281035
4433756
2286270
1644874
882962
1038773
6775451
4838707
1354532
3339898
4736642
6786470
1409895
6691565
6784000
6775267
6779886
5612968
6760656
4734517
6777715
5109266
214256
6774911
2535070
1221203
2545176
4475939
2358308
1106226
5195211
6774671
6774671
6626098
4716189
6763475
6767019
6771255
6629674
6697931
6686437
5055379
6763250
6765499
6763259
3427949
1113664
4595209
6758299
6759857
6764488
4736629
6762057
6590613
6761680
6753848
6761107
6758136
6756685
2234834
6753569
1388766
6727910
6590828
3057987
2165135
206042
6751452
6746537
6742828
6750358
214203
6738597
2113772
6736306
6747026
3357971
6724800
2285851
1107728
2103134
6736096
6664987
6718106
214431
5831815
2280462
6729056
6704679
3236355
6732204
206002
5549962
1112850
5362830
1634233
1351060
6724324
6728156
5231317
3138703
6719295
6715602
6730773
2176768
2555767
3195280
3400034
5657865
