6577966
6533761
1016285
6871938
6902074
6920805
1037798
6610557
6897346
6426166
6864805
6860703
2921012
1813841
1538141
6815098
1040305
6774190
6621244
6597950
5870315
1038318
5898125
6581573
6481402
6476984
6464690
2304809
5743015
5835963
5486477
5816155
1039997
5516612
2636582
5688741
5729471
5537021
1037375
2250637
1267790
5694293
1037438
5677430
5483754
5490537
1039434
1280901
3604059
5401052
5487086
5331750
5061694
3048133
2951798
2958044
1037638
1779771
5387422
5212960
1037323
5344619
2297069
5203573
5187209
4596582
2850844
2975528
4839371
1028413
2588024
2297737
2274018
1485470
1011653
3252802
5051070
1042541
1090327
1037179
1037377
1370839
4541751
1037708
1039299
2964207
3201548
1036606
2398556
2606785
3416505
3249893
990826
1042052
2789991
3312747
1039887
3218827
1041251
1038364
2382875
1038745
3135462
1039285
1038148
3073948
1038297
2851477
2923653
2421878
1034835
1039722
1039408
2818472
2764628
2445208
2606759
2743498
1033396
2642785
2602146
1038295
1025356
2334241
993756
1040248
965822
2086023
2441278
2318501
1037454
2111655
2263374
2308780
940993
2282367
1832333
2047366
1978858
1936304
1504144
1038599
1039189
1765823
1850868
1032232
1835135
1815561
1498918
1643374
993180
1037376
992506
1037491
1511490
1395286
1318230
1038034
1200655
1031391
994584
1199059
1034159
1037657
1024049
1166889
1137951
1038676
1031343
1031171
1007365
1038232
1035899
1042151
1038072
1064787
1032665
1038653
1039596
1037564
1041190
1039456
1039551
1039337
1038664
1038598
1038350
1038317
1037922
1037797
1037689
1037583
1037656
1037430
1037244
1037405
1037324
1037101
1033751
1032252
1031248
1031069
1030540
1025903
1024915
1024798
1024306
1016230
1023631
1018924
1015189
1011929
1007835
992087
994411
993111
993743
994656
992259
967388
990980
934451
967445
946277
543707
245771
