2191812
1084783
6938757
6916275
5887357
6728667
6938727
6458491
3121716
6906850
1098945
1116399
4492328
6856634
6863926
1097960
6726221
5861871
6757212
2783257
6543803
6686686
1097174
6638484
3423987
6570937
1096736
6439017
1087307
6439959
6429984
1087907
3668816
3670192
5827587
5815910
1103975
1086273
5766232
5742739
5627139
5531478
5575059
5537504
5377148
2849525
1087513
5397493
3711126
5379662
5191314
5156743
5123914
1800616
1085834
3668247
3412867
4831263
4825257
3743921
1085775
1097526
4718310
1087205
4513106
3044398
1106456
3333616
3271047
3583243
2669825
1305891
2540022
1087536
1085783
1086289
3194008
1083452
3142197
2902784
2921436
2736907
1096621
2835196
2737378
2790537
2705984
2679166
2633912
1097286
2630759
2420789
1103030
1900633
2247337
2342089
1938475
1340887
1104585
1101675
1101462
1100627
1098775
1098514
1097480
1083354
1087643
1086441
1097100
1084423
1084112
1050618
1114540
1097360
1102893
1086057
1098240
1084519
1084497
1114138
1829233
1336182
1108266
1631159
1636565
1097826
1098433
1099968
1088236
1096851
1086850
1301668
1098584
1177649
1101890
1103629
1097263
1086257
1084677
1112768
1083896
1109208
1105179
1106857
1107648
1103084
1102642
1102760
1101389
1100837
1095696
1098763
1099746
1099676
1099670
1098783
1098562
1098312
1098081
1096550
1082803
1096168
1088136
1086923
1088050
1087902
1088226
1085216
1086480
1086630
1086317
1085869
1085940
1085266
1085288
1084183
1084944
1084268
1084016
1083658
1083069
1083012
1072341
961987
