4397327
6963579
1023072
6676141
6936972
4757983
6969899
6965575
6968738
6968738
4541579
6963329
1138968
5766543
6900524
2227457
6949878
5151238
5407663
6820240
6930981
6924716
6729478
5216281
5769808
2990113
6552247
6930129
6926692
4437625
5678141
2312538
5132509
6933135
6928264
220034
5174916
2078588
6926159
6924892
6924892
6849724
6794648
6790155
6920327
6918067
6914782
2939071
6910112
6136192
3673875
5892269
1288392
6899712
6900458
6862465
4707524
6802689
2065263
2218978
4487049
6888883
6878751
963469
6860806
6826495
6822432
6878823
6866239
6691809
4835908
6858249
6860251
2863941
6868718
4433063
1377335
2373268
5350355
1860611
6854606
6853405
1377391
4450973
6839827
6829867
2812994
6839921
6763730
5263623
6828197
2201436
5005789
6816603
6791770
1322224
6807167
6800928
6808077
6768658
6776801
6802509
6803225
6802060
6802527
6800523
6794642
5299402
6795159
6793951
4425161
6554056
6783437
6786815
6437429
6789264
6785994
220016
6778081
6780488
6774757
5816358
5884600
6409123
6546869
6611932
6654128
6689899
6701038
6729233
5172814
6772087
6759748
6768075
220018
6763131
6764270
3186293
6757136
6763996
6760117
6760246
6753527
6662801
6756592
1989981
4780639
6623917
6751799
6750073
1649603
1374247
6730880
6735199
6731399
6746986
6739412
6742696
6743471
6738480
4407537
2335854
6678071
2894657
6628035
6738844
1900408
6734501
6716143
2954904
4411711
6729620
5409439
6694227
6704299
5101875
2493990
6716324
6595788
6713384
6714493
6708687
4401994
6704332
6698358
6645983
2765121
6697811
5083896
5498103
6689271
5727162
6688858
6684562
6689820
6687612
3112092
5543431
3355961
5048894
2125989
3213390
4791797
1680515
4516970
4780071
6412403
4613487
6663506
6661883
5320730
6658397
5848765
5815580
5858757
6639002
6642051
6637186
252889
6632590
6632410
2729740
6631996
6628437
6404190
5732720
6615742
6609636
6570552
6605434
5432387
3639059
6592765
6587363
6583388
6575311
6548937
6572824
5894934
6571877
6572901
6565650
5874939
6565913
5688077
6566931
6558535
6551074
6551632
5270842
6508586
6541500
5895522
6447689
6482294
6487845
6541405
3390840
6424846
6527306
6527122
6521224
6524948
6522051
6511619
6480804
6509168
6491375
2792607
6477095
6454148
6483864
5899259
6472685
2416219
5344423
6469403
1377305
4435060
6442760
6409845
6405834
6431962
6411830
6411882
2667251
5829892
6418240
6415551
6403927
5905214
6405798
6139544
5864503
5905187
5902289
5455878
5865334
5895278
5636328
5512503
5887542
5859979
5460583
5265000
5850143
5862075
5810155
5221838
5827919
5841445
4781481
4777594
4663115
5820359
5827026
3251854
5819625
5814804
5813493
5810743
5129755
5797561
4435167
5799614
2896744
4665544
1014108
5782513
5777806
5781924
5774257
5774271
5770034
2449961
5746076
5727719
5763232
4657011
5755575
5754529
5716584
5746675
1710994
5730505
5731195
5643739
5739649
5731776
2721314
5674054
5462868
2486981
5731957
5673767
5110101
5719485
5721202
5708955
5707140
3346052
5350953
5127068
5432912
1420234
3150958
1353676
3106302
1560679
5204328
1877600
2832484
5705796
5411033
5700038
1699595
5670776
4999045
5690729
219970
3161711
5043816
5686267
5675849
5675340
3388774
5684362
5675096
5673867
5673369
5647546
5640726
5642256
5644561
5636444
5650350
5655110
3071044
3287970
2243202
2951169
2379927
5642297
5619534
5632938
5632938
5596042
5412399
5106512
2833466
3103736
3669968
2005396
5248117
2449487
2818610
5620008
3711556
4820403
3025466
5600543
5606296
5586083
2486642
5580715
5543757
5577925
5581150
2446101
4857623
5572696
5568126
5551556
5565450
5084538
4851213
5556800
3702634
5556717
5453998
5533545
5492781
5540948
1625677
2961638
1576335
5540683
5523462
5534284
2503065
5532475
5517879
5529730
5303577
3067949
1659952
5111453
5263274
5481502
5482420
1377099
2710755
5484174
5482050
2501881
2455947
5463934
4766513
5450020
5448725
5376997
5443628
5438505
5435878
5163284
1377282
5424842
5430420
3230383
2172129
5399038
5418291
1237511
3677481
5407087
5382106
5399624
5367818
5385347
3760522
2580621
3218842
5384504
5384207
2851126
1954093
2117154
5360809
5363755
5217728
1070160
5348100
5346552
