6905113
6974512
1850812
2680915
2619374
6549150
6838990
2188183
6972752
6964553
6973136
6910231
1810839
1360772
6969583
6961769
248776
3028609
3217992
5644448
6659141
2247943
6748954
6773088
6780132
6822477
6827959
2739365
6959024
6959024
6949596
6951438
6955299
6880317
2968922
6789647
1641795
1792703
6945915
2230515
2515070
4822530
6562163
1876591
6420470
6950621
6774536
6926049
1855737
1808861
1703477
6908686
6948675
6797155
6801400
6897175
1637540
4722000
1856318
6940178
5159304
2984035
6932667
6925358
6874200
1946730
3029410
1350567
4804592
2670767
249456
2135250
2221289
4783194
5855736
6810516
6684518
250514
6850093
2094041
6885079
6562335
6791472
6897088
249356
6834322
6454166
1221365
6889616
1351795
6878972
248846
2634753
4561893
5507673
6882083
6786082
6496072
940478
6869378
6845543
5843993
5111105
5368838
5349680
6450215
1841051
251692
6581031
3741692
2532895
6727252
2058935
6821037
4611067
6831871
6831837
6831837
2097242
5416913
6788528
6718269
5596121
1158819
5635339
5799295
6801432
6803237
6765823
6796694
6791827
6795613
6727009
6728274
6791469
6590333
3310230
1972214
6785960
6789739
238487
6494896
6724742
6679155
2053114
6762223
6750985
6760787
6752757
6761113
2400164
6747306
3014983
6741101
6730953
6674301
6737000
3256203
6741450
6733446
6740561
6730944
6736021
2120762
6734940
2292113
5406527
1400775
6678168
6713079
6719049
6716731
5523910
6718557
6717388
6717388
6706391
6716222
6716222
6705213
3215617
2824346
6671053
6706602
6708266
6707442
6707370
6707370
6689691
6696866
6695497
2686197
5316055
6678747
248982
6677738
6677738
6665161
5687106
6610069
6599358
6667135
2154309
3194897
952934
5200706
3728006
6656840
6653943
1439370
6654653
5241337
6639140
2060236
5368733
2796012
6647099
6643929
6633669
1806091
1260364
6642468
6642457
6514633
2644488
6620472
6631105
6458575
6434392
6600636
4592346
1437746
6630233
5547608
6608450
6625340
5193682
6607632
1696234
5231410
6602048
5442191
1623251
2060920
6601076
6602467
5811292
6598479
6602894
6601075
5653096
6555808
5809131
1654610
4466359
1671163
2584500
2900863
5041751
6552850
6550373
6487928
6516283
6496899
5698278
996466
5811553
6559297
6543288
1220186
5622049
6532693
6551865
1359396
4596388
6541096
6431794
6542907
5809699
5862591
6540735
1755049
1254037
6529894
2836753
6514567
6525993
5359667
3016000
6509154
3223730
6473212
6513106
6504600
6507175
6506506
6476790
4755192
6499894
6484882
5580201
2054113
1854297
6475920
6473071
2012051
6465323
6471480
6461419
3617292
249264
6457535
5882181
6452393
6453161
5586053
2711987
1878744
6446719
6448351
6418778
5881614
6428093
6428241
6414160
6401831
5568182
6407219
6402977
1658676
2068598
4764316
6239639
4779018
5771805
5803182
5803182
5101151
5834059
5879350
5864543
5873371
5873431
5870165
5870165
5734674
5665387
5861135
5862592
5578916
1336258
5836023
5562208
5788049
5841892
5057911
1291300
5822448
5685663
5083161
2542903
1918501
5820660
2864120
2454051
5783546
5805814
5680371
5807886
5750470
5772843
2692748
5754492
5766336
3160307
2908066
3048412
4765156
4434615
2086834
2966373
3241873
5762817
5213959
5758508
5755563
5735422
5233717
3112260
5700484
3072004
1785626
5674320
5718637
5727825
5727906
5728763
2810435
5660681
5696660
5715944
5431822
5696459
5654746
1438786
5681104
5658062
5678935
5664447
3321654
5644691
2777789
1482729
5653216
5645055
5649897
5430363
5567775
5597122
5626096
5626434
2579273
1760731
5619129
1727679
5611282
5604215
5590575
1634243
5601461
2168012
4718125
5592346
5433910
5571067
5546472
5528228
5561831
5578835
5564012
5569305
5510469
5504290
5562401
2684629
5529574
1889947
5548409
5544775
5542860
1913591
5527108
5497952
5524015
5523660
2372446
5520770
5402505
2760608
2907747
5509502
5513757
5512762
1847909
5507743
2739751
3287755
2601685
5493765
5493312
5490821
5488424
5485794
3023678
5479422
2421485
5362759
249772
5481642
5479863
3564629
5479025
250017
2807692
5468858
249164
3362729
5436898
5454290
5447326
2545131
5402776
5403197
2570431
2433862
2805338
5076244
5436781
1689503
5433439
1673895
3180931
2567931
2776265
2808406
5363257
5334267
5337579
