6645631
4765786
5704645
1039886
6949069
6949069
5317332
6938988
5748509
5187453
6927060
6927060
6923149
6882572
6750099
6858456
6876264
5214890
5348678
1036721
3444235
1035593
1035647
1035592
1036880
6549886
2386653
5346470
6687610
5296836
2712845
6661385
6671961
6671961
6623849
6632986
1041304
6473554
6486452
5850752
5816564
5753527
1036846
1039075
1035096
5737089
1404362
1041537
1041188
5640028
5658889
5360968
2566598
5218121
1043226
2682438
2567580
5345423
2694696
4637064
1103681
5098107
4862390
2363965
2363965
5154399
4518063
4857845
5177720
3260169
4706881
4746067
1041189
5261220
3257667
1043557
2237161
1043186
1041466
1035423
5092112
5095384
1035530
4549924
5071054
1527502
3192716
1035360
2167587
1041865
4810004
1039466
4771656
4763930
2291515
3154260
3025241
4700514
1042479
1035997
1050289
4575090
4398369
4557284
1044543
4442866
3258696
3449648
3465277
3708595
4431660
1839471
1042605
1035509
3147096
3753206
1038316
1505465
3678597
3438505
2772952
3094571
3094571
3430573
3425136
2306301
2457309
2441713
1035361
1035254
1038105
2962713
3188325
2942753
1041906
2845013
2846602
2913932
1041485
2797115
1044853
2782391
2595452
1064883
2657871
2683997
2677798
2233530
1890257
1527507
2510687
2460817
1035791
1035998
2325284
1280164
2254689
2128690
1035667
1043558
1035156
1100793
1036993
1342830
1841002
1839975
1852860
1037360
1828580
1734689
1715245
1688049
1664988
1631782
1041697
1037812
1042239
1347171
1041573
1035943
1035679
1207455
234729
1043495
1043206
1045313
1042009
1043105
1041695
1043494
1043104
1042166
1042150
1037850
1041019
1041216
1041465
1040737
1040281
1040474
1040027
1039972
1039318
1035157
1036783
1038588
1037584
1037361
1035879
1037102
1037087
1035495
1036258
1036818
1036748
1036608
1035098
1035265
1035630
1036007
1035649
1035746
1034914
1035594
1035574
1035531
1035510
1035202
1035362
1035316
1035300
1035181
1035173
1035097
