4420611
6979633
6979633
6976263
6975962
6975697
6886717
6816192
4707939
6974106
6974106
6970573
5465508
2121038
1756320
6839622
1039061
6968672
5213299
6969498
6940169
6959263
6963132
6961823
6963607
6967553
6958396
6963289
6964165
5592760
6952899
1542109
6949512
6723142
2486315
6961682
6741337
6957336
5631123
1136937
6958429
6959161
6955795
6952137
5568337
6448321
6952312
6953467
6951444
6636078
3604477
6939053
6917797
6918284
6950099
5821814
6921284
5129581
2673205
2632967
3730873
6945160
2526868
6939337
6920009
2664023
6939387
6939760
6847042
6932935
6919774
6931115
238064
4664458
6918671
6925975
1925740
6917824
6918410
6923216
6926532
1197884
5650519
2318617
4635266
6838567
4544136
6908569
5881267
4479138
1032114
5562108
980789
2518406
6429511
6890635
6644103
1891984
1033923
6878371
5831813
6917598
2697125
2427144
4576125
6909007
2482759
5259064
6909009
5475161
6442734
6907073
1621904
6876807
6904441
6871186
6488171
2124350
2236633
3694637
6895683
6896393
1493671
6877373
6873649
6890139
6851686
6885311
2981231
6405394
4446044
6794845
3626537
6824574
2336398
6879657
6795905
6876813
6876755
6844493
5586704
6876108
6875840
6873965
6871936
6870118
6870863
2930842
6870066
6730860
6858701
6866862
6862855
1054929
995270
6861891
6863161
6865021
6556947
6857773
5782427
6863269
6861963
1991771
224462
6861832
6858775
6860715
6859607
6676481
6694634
5899079
2318975
6851998
6857288
6631166
6855501
2082835
6845100
6852838
5400250
6852409
5804447
6848948
6849448
6828816
6792637
5867601
6844205
2816908
2762241
6843170
6837381
2867538
6838888
2520881
6841248
6818116
5336941
6839814
2005645
3717799
1815146
6795757
6836251
6835799
6828436
6834890
6833231
6725606
1139370
6829185
6829207
6831249
4568087
6810412
5410769
5142462
4417560
991873
6825589
6808079
6823710
6824784
6821138
2152747
6817477
6818286
6678367
6805514
1031405
6819273
6819289
250121
1352374
5560926
6741612
6776686
6815611
6706698
1176084
6736903
6741329
6815116
6794357
6810047
978954
1114102
6807534
6805053
6785358
3016097
4722597
6803851
2033811
1998642
6802438
2183214
6797454
6802191
3123690
5547152
2095321
5175584
1047097
2205585
3404417
6794302
6785902
6789828
6590051
5536588
2184043
6726852
6786619
4838204
6786640
6784339
6765827
3427979
6783400
3191237
6778839
6782663
6642117
6662281
6782350
6781544
2146804
6780159
6769390
6779028
6777641
6741348
6773448
6774791
6775498
2690296
2690296
3228416
6770380
6770383
6770382
6769318
4516540
2891846
6762588
6765302
5590274
6764790
6763251
3296629
6747111
6574214
6759006
6755101
3592181
5625575
6760757
3109164
3305745
1530821
5504177
6754733
6754157
6749944
6751688
3431695
1029929
6746750
6737583
2842127
6741613
6744945
5814166
4510127
6743515
4824510
1909329
3413138
1034934
4597410
3671759
1879848
6739349
2831062
6736278
6736244
2678541
1623066
2466050
4620635
2662360
2615687
6735055
6732702
6730408
6731914
6730033
6728513
6730846
2197519
5872299
6715256
6724433
6722387
6721834
6722721
6724373
6715164
6718786
6677572
6715643
3028446
6531896
1876583
980851
6623026
1911141
6647425
6477377
3368734
6705994
4606203
2711615
2174267
6576789
6708758
6715807
6711330
6713584
6711310
6711915
2029764
6492877
5479907
6709509
5149218
6701003
6706306
6705920
6679864
6696852
6702256
6623565
6703157
6696253
6691713
5315818
6699969
6679519
6699391
6699796
6693882
6697489
5432485
6683760
3365679
6694009
3714879
5695526
6691207
6686807
5728062
6673855
6685584
6589208
6682524
6681441
6676815
6679225
6679583
5713269
2253065
5124150
5487789
4657208
6674066
5427732
6671033
6673433
6672941
6672522
3017257
5519828
1602792
6496578
6506959
3526492
5649912
6554762
6667694
6669080
6664579
6667006
6662031
6657142
6668265
6668265
6661025
6666037
6654219
6400009
4400503
3119471
6659681
6659363
6659081
6654076
6656533
6651445
6557717
6653222
6653974
6650299
3158033
6642886
6626781
5820059
6473128
5189188
2668644
5275357
3301418
2829668
6637430
5260959
6639167
6641592
5607681
6458663
6642332
6638712
5322484
6618682
3722673
6636316
4611046
6584540
2244989
5794231
6612772
6633799
6619260
