6842072
1037943
4796322
6827062
5594725
6868087
6868087
1044296
1038866
1045937
1394871
6546815
6709430
4634837
4595309
6633616
6433214
6608742
5784635
6538123
5684622
4454655
6429577
3115477
5793311
4614638
1036655
1034960
1044012
1044201
3283794
4622438
1035901
1044373
1046269
5175352
5331590
5571949
5750911
5697702
5709798
5698302
5663286
5649410
4604182
5090095
1049293
5493875
5367489
5262358
5388985
1044410
5299860
1046106
5224829
5117402
4648306
5216901
5193690
1033690
1044874
1037781
1048584
3003191
5115010
1034055
1033339
1033006
1030596
1032854
1045218
1044824
4594829
1047642
1032907
1030439
4846150
4543861
1034657
1040324
4841734
1101984
1034658
3690798
4571983
4802703
4812206
1038071
4764110
3143758
4700389
1033376
1050980
3052969
2487604
1042971
1032244
1046135
1076564
1036951
1050707
4561129
4581984
4578108
3444373
4533808
1044579
4436533
4505194
2255222
4455318
1049156
3291675
3721522
3716588
3585034
1636199
2094227
1043205
1967726
3596571
3596484
3305620
3290003
1968709
2816523
3337760
3311942
1044042
2158329
2253042
2777905
2670457
1039612
1043102
1044051
2538414
2536520
1034000
1046784
1048766
1045204
1046782
1044360
2173970
1833221
2036187
2033920
1907867
1042935
1663660
1047877
1043903
1033691
1044567
1035037
1038505
1034669
1039435
1048608
1067995
1046410
1036133
1043660
1046429
1030362
1044239
1049494
1048692
1048108
1047641
1045678
1047139
1045567
1035286
1040178
1044725
1044774
1044437
1044425
1044127
1044080
1043905
1040313
1043399
1043571
1041877
1041483
1037245
1034958
1034346
1033740
1033055
1033030
1030621
1030472
1030177
