6975210
2909725
6955569
6952286
6940164
4755594
6681832
1074968
1080186
4623526
1088963
1078996
4747097
3289455
5835397
6866272
6873729
1082546
6835918
6816617
2926116
1234378
1081191
1083888
6800310
1427755
6798893
6798893
6797397
6766000
5496108
1753420
6738482
6665498
1079836
3743096
1090507
1104756
2677370
6562915
6598005
5653598
6591380
6573112
1087471
6550118
3404843
2620558
5304284
1985459
6509593
3356832
6473350
6422186
6407108
5892804
5341758
5882672
5875138
1104988
5142427
5741364
1222926
5696428
5686986
1078626
5515632
1078831
3346789
4598921
1778149
2123596
3393524
5603154
5084750
5562321
2131612
2054772
1077977
1976910
5261110
1078138
1512449
3762432
2408275
2694160
5511076
5528947
5504512
5498742
1428742
5476617
3371800
3382357
2900362
5477915
5472859
5458240
1087821
5449464
3293881
3665285
5403580
5339355
5291986
5328096
5320081
5221954
5265791
5227113
5174753
5148873
1082625
4517174
5054158
5032905
2124764
4810219
1081163
4801007
4728530
3722824
1129447
4588785
3244157
4636674
4596485
3730993
4081061
2118181
4589651
4552155
2911873
2537942
4458425
2408845
2472383
1077670
2570104
2641086
2696287
3042178
4395243
1138363
1087153
3718639
3682715
3730108
3654863
3670463
3210467
3059167
2975541
1076686
3419586
3603854
3590912
1080614
2138444
2466191
3392828
3101793
3199593
3199593
3405699
3288807
2556812
3404838
3402546
1113889
3390745
3398216
3358114
3367233
3330049
1083340
3332407
3308089
2986500
1103521
1103606
2969748
3243885
2688389
1094960
1082601
1091668
1110342
1135880
3105243
3041391
2295896
2442493
2697682
2705007
2687465
2666139
1074812
2125018
203052
2191131
2550018
2267774
2449946
2418147
2388001
1547423
1082232
2278958
2101699
2285665
2295109
2283044
1990094
1079207
2121529
1075220
1071480
2140176
2199361
2170977
2148786
2135471
1074032
2046027
1082176
1922253
1076351
1079734
1082164
1081051
1100969
1109429
1558553
1886601
1794371
1930077
1086686
1075283
1750322
1605382
1519865
1519907
947783
1517860
1263528
1085051
1126884
1112874
1113107
1115894
1113727
1109627
1109943
1105882
1105097
1102316
1097421
1095270
1080852
1085506
1081651
1086382
1087777
1083843
1075473
1085031
1084845
1084364
1083082
1079501
1079616
1079924
1080285
1080567
1082715
1081553
1081154
1081339
1080944
1080585
1079520
1078250
1078550
1077764
1077173
1077804
1077710
1077731
1077316
1076565
1076144
1070864
1075105
1075783
1074627
1073798
1071321
1070821
