2736363
5204802
6821567
2398404
6813419
2393436
2587573
1035731
1276797
5627045
6756680
1514239
2296744
2971931
6453558
5164423
5878247
3058405
2918870
5784946
5198227
5541256
1031393
1658024
5628683
4751800
1047353
5070867
5526324
4424507
5436186
5220037
4641276
5119049
1043878
5145187
5137540
5036155
5038532
5109946
3380699
2328018
3643652
4721849
1032181
4631625
1734521
1044034
1034016
3655025
1045219
1560527
1112813
2871074
2557839
2454519
2492364
1043556
2387765
2108239
1048141
2124083
1736303
1768030
1652970
1637474
1582318
1048723
1030577
1107471
1046842
1101590
1044128
1068207
1044523
1044104
1048200
1044859
1046382
1047431
1045174
1044310
1042139
1043788
1043447
1040298
1040826
1037923
1037813
1036847
1032549
1031551
1033742
1033750
1033251
1031129
1031220
1031112
1030993
1030969
1030402
1030230
1030140
