5135717
2638732
6978370
6978370
6968816
6923441
6961605
2069553
1720671
2958186
6946567
2926628
3038709
6958524
6958524
1292998
6940432
1846336
1811614
2163239
3078176
6922593
6938458
6924590
6933929
6933929
6911819
6902207
4763677
5230873
6909856
6622727
2916362
4831290
1582380
5087768
247536
6620951
6869051
5620650
6835735
6881889
3347601
6542996
6876220
5235661
1170884
2334423
6860057
6767494
2187509
6838295
6451650
6817394
5717610
6830213
6798748
6624910
4530384
6795952
4530482
4462161
6793528
4808549
6793250
6701457
3189285
6540152
6778021
6775718
2860678
6727157
6760655
6436615
6749866
6642328
6731560
5033560
6717385
6683305
3423442
248420
6717682
6659098
5498873
5578087
1835003
3105478
2091177
6700897
6698248
2837066
5399281
3189061
6693391
3196914
2153423
6601531
5041167
6667835
248500
4722403
4419454
6667360
6559713
6642031
5833403
1059854
5394159
6649397
6638087
6523873
6642903
6619180
6634145
5172466
3627524
6628736
6630830
6606560
5797201
6567409
6620701
1835222
6614691
6603127
6544191
6480082
6505501
5206706
1039010
4512465
3600880
5805505
5371881
6550656
6561867
6575804
6570952
5045706
6566416
6561931
5546957
2644865
1746246
248494
6511938
3670568
6511167
6549382
6543334
1293011
6531974
6532868
248484
248427
2748113
6493268
6498657
5346415
5168339
6494613
250362
3687090
5278569
5446736
3089877
6446507
6464319
5846354
5889635
6451337
4769490
5868799
5702312
5505908
248438
2872642
248492
2826971
2602028
5845063
5862324
250900
5807930
5828245
1342123
1584274
3732813
4810458
4776330
4999946
5054695
5134518
5153968
5183833
5343662
5662168
1975060
3425329
5790459
4796596
5720100
3079862
248478
5754082
5761543
2026979
248462
2766943
248465
249606
248507
2831003
5721658
5583813
248483
5034245
5719347
4834294
5733049
5673381
5713247
3261607
248482
5078699
247941
5685718
5702067
5678357
5629880
5679597
4638864
5631327
1488991
5583776
5316367
5161785
5294527
5394840
5441022
5513494
5607880
2345691
5541603
5480345
5526505
5556581
5543980
5486853
5542256
2621363
5504625
2703262
2697390
5476203
2692172
248448
5465165
2426822
4648376
4489142
5456656
5211965
5431502
3436158
2663873
5430007
5103620
5404371
5404285
3160572
5134408
5376336
5384318
5381510
5386539
5149388
4556913
5357720
4854469
3691892
5233122
5319996
5298107
248432
4412944
2830798
248520
2371275
976133
1579125
5258116
4476060
1766501
5254336
4623236
5240167
5227825
5204966
5178821
3129214
5158613
5133623
5134438
5133862
248475
248437
5119969
5099411
4770303
5080231
5086081
5088988
5080068
5083060
5051725
5052971
3650203
2088459
5041420
4841091
4998195
5034388
4998898
2487154
2819387
248497
4837258
4826485
4821385
4809348
4761171
4397967
4493106
2469750
2711813
4697782
4694079
2905357
4552630
3616637
2075221
3570989
4571402
2472854
4551699
4562573
2871812
249603
4542697
2390957
4531804
3569382
4528506
249653
4434216
4440167
4419142
248404
2710451
4395896
2336038
3715958
248578
3332832
248490
3676987
3671545
3674073
3668458
3598303
1912608
942337
3582454
1256563
3624307
3609824
3102871
3444850
3596152
3435095
2852094
248409
3565994
2697861
3254812
250353
2396605
2100541
3406643
2012345
249605
3377911
3357102
3328859
3334911
1213233
3305491
3198294
3319060
3323432
3297986
3228207
3296290
3266391
2095334
3221757
2824939
3218106
3208969
2259347
3238215
3207674
1944484
2636840
3125430
2284742
2640948
1924174
2683675
3138343
2962257
3043697
3102131
3094114
3090122
3057608
2412222
3043615
3006236
3048177
3021556
1487778
3012589
2807513
2991205
2967494
2515298
2903194
2883938
2850218
2755027
2417831
2033382
2849193
2846953
2845099
2824530
2806400
2792097
2803040
2368776
2812500
2809359
2803627
2804513
2803628
248514
2764219
2717112
2768773
2668314
1186444
2741604
2751551
2686417
248549
2685232
2670249
1114842
2638238
1774540
2652777
2631021
247920
249651
249575
250748
248518
248460
248480
249999
248476
1227537
1235559
248470
248458
1313560
1377562
1554335
1574161
247540
1618142
1698200
1580721
1774950
1366897
1800131
1160485
1789343
248513
1556424
