6979861
6979861
6978289
1188435
6960108
5341851
6950006
5770060
6938483
4707295
6899690
5821690
222090
6484080
6877870
222028
6818524
6806397
6853023
5500317
5292135
6829303
6668568
6829159
5623039
5709759
6802100
6478820
5430269
2703459
6784702
6692283
5662421
1758532
2265812
6765352
3154853
6741456
5704776
6721798
2112789
222141
6706801
5265386
4649738
5421383
2397300
6638466
5786913
5262589
4781778
5157798
5424681
6641386
6640622
6630404
6500850
6558719
3217470
5857061
6616555
6599805
6588661
6518371
6585147
2135621
3185469
6570489
6566953
6550802
6543785
6418846
6527539
6530899
2335546
5177657
6525120
6512034
5347471
6482927
5152418
222175
6465155
6459429
5896120
222147
5646135
6422217
6412258
6408927
3174503
5892932
5860020
5857091
5853542
5851588
5829273
5758665
5826816
5813479
5813426
3730540
5733168
5785128
5783406
1395160
5770185
2342382
2469313
1011919
5687698
5553804
5677029
5690225
5717922
5682861
5709835
5675232
5692148
5611639
5626736
5640830
5649107
5652343
5678872
5677785
5661134
5321879
5599969
5658795
5610904
5585683
2523058
3011117
5621244
5623519
5602619
5595999
3621763
5591646
5570934
5572256
5576930
5580182
3693907
5569907
5574776
5564573
5276777
5570997
5570997
222168
5416985
5530213
5517294
1749517
5496324
5524599
5517545
5529722
5529723
5519851
5497878
5369968
1421190
5499120
5131036
5503366
5496242
2044798
5496240
5491278
5458614
1662673
2492084
2362641
5459450
2182182
2568280
5453414
5448604
5428275
5385796
5201856
5416999
5398953
5397795
5371486
5358263
2114163
5284223
5296966
2430014
5338837
222031
5266254
4447017
5302813
5201380
2270454
5297988
1592578
5294630
942322
2387428
222048
222065
5278682
5277185
2791477
3068866
5268288
2163262
5234712
3199694
1383391
5206779
5062264
5190441
222104
5157503
5160380
5144114
5090154
974007
1963290
5113592
985309
4854169
4845830
5074878
4595000
4826516
2394095
4655944
2139411
4735831
1813221
4728606
4708734
4726612
4712829
4632821
4703173
4666185
4599271
4625838
3676403
4631833
222102
4532224
2363919
222098
4520038
3158430
2493946
2949519
4459238
1055982
4459225
4488273
2329461
2810633
4450424
3636507
222152
2552580
3679990
3566365
1947256
3665055
3626754
3653845
3576327
2775151
3604881
3633108
3625956
3569683
3439158
3333600
3375670
2898920
3404655
3251179
2459621
2696138
3330832
3303864
1758570
2495309
2437760
3301837
3301793
2187295
1601782
1100954
2164553
1352500
222161
1199195
3158121
3168632
3166288
222095
3145721
2946971
3138826
3071882
3120544
3106713
2442674
2436526
3030102
2481812
3027537
2963951
2354370
222073
2307279
222093
2289965
2564469
2873884
2871027
2743445
2728792
2850430
2841286
2831522
2589659
2426807
2736138
222139
2806610
2772624
2734888
2729249
2708183
2579419
2627404
2398376
1073116
2554821
1849105
2581379
2560254
2351703
2558660
2555155
2555163
985573
254640
2497110
2516090
1290023
2504744
2493882
222118
2483784
2486186
2483232
2483232
222115
2433574
2446559
2447310
2114339
2170095
222144
2434083
2426758
2403511
2411275
2426996
2424904
2412353
1414583
2403107
2106664
2409715
2405608
2405153
2396620
2355607
2380034
2372321
2377918
2375386
2371541
2370806
2371521
2366552
2365320
1417457
2331788
1535276
2342614
2260618
1978777
2049022
222107
2117285
2278682
2270014
2191827
2146719
2226732
2194501
2144074
2178393
2186618
1340564
1624634
2088847
2143484
2142831
2132038
2021477
2130329
2095075
2084710
1950401
1952105
2015946
2000336
1713445
1978304
1976973
1956317
1933105
1944994
1928611
1924944
1916219
1841068
1851859
974319
1545608
1366140
222178
1824379
1751051
222143
1653852
1606853
1700396
1711087
1702086
1594739
1683053
1436896
1612294
1306081
1673140
1609483
1632444
1626302
1370329
222170
222125
1600897
222122
1591142
1550522
1548879
1581359
222130
1541204
1528586
1486189
222040
949511
1451241
1371492
1387366
1400529
1332961
1237106
1011932
1287836
1262221
1207935
222053
1011927
1022782
222069
222071
222100
222085
222023
248624
222066
936833
222184
939865
222036
222121
222150
222113
222135
222081
222083
