6975340
6503799
2601374
6974156
6974156
6959192
3436692
5394947
5886180
5473706
6934646
6405113
6415952
1062895
6796243
6912010
6513391
1042352
6899745
6647878
1042420
3302678
6868557
1041595
6567331
6863315
3641919
1045411
2365379
4712335
5619197
1978306
6813280
6806194
5749039
6796255
6795110
6779879
5577912
6710746
6742249
2970938
6722476
5667804
1635710
6694516
6707567
6705020
6693086
4775054
5784551
4763916
5568060
6673021
5431728
6664581
6601769
6468704
6629376
6549961
6594166
6587720
1041843
6534931
6531956
6548043
6447798
6549194
6490256
6490256
5859486
5841994
6472172
6490237
5719473
5881269
224669
1042110
5846616
6413678
6413678
1163251
5797285
5870343
6402867
5897500
4661847
5878865
1049001
5848580
4764117
1096042
4807098
5834523
5826602
5768827
1049180
1103883
5097514
5754250
5720575
5733159
5727145
5696097
5713682
5709884
5678207
5462707
1041306
5646701
1042478
1045584
5535195
2324918
5631335
5331640
5520390
5526562
5502870
3005357
2270211
1049896
5372108
5341630
5351531
2310117
5285261
1041282
1042851
2565650
1041539
4768019
1065954
1045829
5046093
2626833
4763663
4761609
4746059
1045680
1041827
4602482
4637900
4576637
1044355
1044854
4594846
4585011
3648731
1043446
1042060
1044837
1042125
2946224
4413166
3715529
1041367
2891801
3663607
3192848
3241258
3374340
3356359
3384020
3291178
3301932
3159220
3032087
3018637
3020783
2937962
2648179
1041337
2589258
2596908
1041368
2693936
2681853
2668684
2609376
2589513
2576229
2569991
2544212
2162235
2448120
1042961
1048003
2382703
2339985
2278915
2320172
1041750
1048457
2250782
1043862
1050127
1135600
1042395
1043114
2131954
2185319
1045203
1216947
2092871
1359690
1042353
1043996
1042981
1638246
1044484
1045413
1062570
1158458
1044838
1050408
1074283
1050849
1050101
1062128
1061499
1042849
1050398
1047814
1051025
1050940
1050947
1047790
1048922
1049092
1045735
1048810
1048682
1048475
1047744
1047381
1046979
1045565
1041263
1045050
1044632
1044353
1042621
1044262
1042877
1043296
1043075
1042972
1042959
1042787
1042620
1042906
1042560
1042729
1042587
1042526
1042380
1042256
1042112
1041842
1041866
1041813
1041786
1041785
1041706
1041574
1041556
1041538
1041517
1041252
1041484
1041366
1037967
968732
