6923392
6954752
1001504
6959996
989425
1034366
2771163
6928071
989328
1819542
1856678
6940643
4586674
2809033
6925159
6921559
6921559
6848336
1000988
1208244
4644000
4727295
6894775
6888628
6888628
6877557
4757829
6870742
6870742
3697921
6861870
4396077
5131769
5537165
1143317
1718121
6802212
6776984
6721220
6780943
1006211
4750548
6753651
6742984
995332
1630913
6627700
6635604
5688235
6650311
6691780
1035665
6689815
1588579
244397
6719786
6719786
5444316
1529950
6644449
6690525
2316627
6484822
6614628
6677850
2189258
6651907
1897401
988682
1036504
4845429
5057100
5087205
1173516
5606840
5695559
1997285
1378591
1416471
6598148
6506727
1133668
4586739
5462697
6568888
6557768
6489720
6490540
6512271
1204526
3122427
4637120
5745130
5892222
6417092
5273187
1749982
2198162
3762436
5158202
6519336
1933175
6468996
6495685
2803931
994748
5849417
6474440
6366895
5734238
6489715
5737129
5342494
1132791
6452249
6439838
5888219
5832817
5231828
5224080
1448302
1024245
992790
5406266
996074
5413042
5132490
1017928
4531341
237315
3683700
5748537
5844236
992921
5107959
988526
3610215
4616412
1219282
1008768
5810736
997706
988871
1989410
5771644
1598936
2457955
5710960
5284336
5336316
5401387
5737147
3284465
4774609
5729140
948628
5523969
2934641
4424713
5615595
1037086
1917290
5515456
5509654
5442765
5670892
5691937
5566772
5662402
4720438
5238858
2068316
3087266
3633178
1556760
2087284
5495884
4620846
2162603
3763448
5406859
5260231
5303947
3726793
1624992
1665671
1767811
5427817
1037687
2018564
5227952
5367586
5378257
5362464
5359704
2007040
1032745
5329745
4742610
5316556
2007624
5138068
2008486
3383760
5203528
5276746
2048657
990840
5264073
5200175
4524909
2638942
5228357
1968636
5112058
987011
4486142
3712937
5135578
4751386
1966545
4714981
2528008
5153417
5139642
5128077
5107024
3189030
5128076
5102217
5103382
5107405
5094474
5091590
5045686
2088034
2763811
2680012
4839405
4996660
3437583
1467892
4853225
2002696
1901181
4845277
4852438
4809657
4824858
4822926
4813313
1036990
1006089
4791553
4797541
1065673
4775900
990648
4550771
4740605
4746432
4756062
2159048
3750775
4733452
4726272
991555
4713752
4694420
1039300
4652743
4630945
1613948
4456382
996214
4595442
4597914
4586103
1684095
1679432
3403763
4535393
4546663
2359356
1038118
3306502
4528160
4494699
1868251
1850807
1849903
1104494
4476010
2805579
1951290
3411759
242722
4431832
3753591
3606769
1043725
2480868
2359380
2912049
3209926
986785
2036377
3746122
3011578
1080117
1029428
2399984
3564174
3446931
2797501
3069422
3600996
1335925
3571795
3382327
1941110
2987925
3063572
3210390
3241012
3308898
3318592
2251711
1054590
2098565
1259920
989530
3360211
1030635
3186482
3211755
3242617
3147014
1916630
2788148
3150877
3059615
2162329
3114443
2974039
2460277
1032640
2826330
1923994
1692972
2705545
2541975
2636992
2697068
2562094
1341433
2459014
2458250
2458614
1869433
1352856
2029256
2283122
2022817
2162762
2162915
2222658
2311512
1863142
1920968
2000648
1572698
2202464
2014749
2215789
2215432
1037782
1571673
1034230
2146134
2015862
1941397
2092290
1032775
1013752
1037119
2031179
2034179
1990365
1944353
1982582
1992142
1905158
1979506
1949191
990292
1870710
256316
1901092
1945256
1115222
1902443
1941557
1677266
1026591
1926482
1517067
1018860
987981
990819
1786142
1686147
1893213
1890636
1405876
1870252
1850104
247631
1590358
1849897
1831026
1839972
1750285
1672571
1782394
1789724
1678199
1771993
992539
1682086
1589549
1731836
1658700
1679780
1714320
1688345
1711142
1693118
1692813
987155
1652767
1531412
1640393
1032651
1621414
1599875
1574552
1025750
1527477
1468986
1558947
996511
1362045
1456100
1538663
1542328
1313484
1529949
1510196
1287859
1503611
1499511
1009254
1088879
1033869
1396963
1380686
1187984
1034735
1358121
1177014
1032445
1277756
1108515
1038352
1217812
1217405
1202616
989068
1108198
1097329
1061280
991306
1105498
1054403
1002276
1044835
992069
1060706
1029265
1050462
1036882
1034201
987502
987792
1040147
1032372
996467
1031173
1036229
1040423
1037518
1037467
1036709
