6956524
247404
247020
246993
6965450
247373
246973
6972918
6972918
4491820
6771564
6964275
6962364
6746168
247808
6957271
6496638
6876438
2977606
6931373
6946517
6940659
247289
251479
6945221
6933550
247936
6925254
6928332
1153898
6926137
4727366
2757740
3445131
6469527
6919941
1704944
5191048
6892248
6902196
6886613
247267
6896722
247131
6882868
6892187
6881157
6878415
5861711
6874563
1173713
6844895
1262525
6841906
5361147
6858910
6847018
6845026
6837949
6829063
6778863
6812319
6837153
6818041
6812899
6435841
1538901
6727527
5335065
248331
5434844
5304724
969647
6762730
247932
1710043
4667136
6743409
6745760
6704072
6737848
6734912
6733599
1090905
1789201
4747042
5386499
5586423
5612079
3261767
3303291
6652576
6709646
2918201
2465908
5824620
6690929
247865
3114633
6678837
4566937
247209
2751067
6614129
6660393
5521118
3687618
251595
6640510
6639171
5043318
2543653
5658514
4803294
5858813
5627012
6617372
6614135
6614135
6614128
6614128
6527399
6602915
6597289
6540104
6556972
6552398
6556108
6573534
6585552
6570477
6562010
6572619
6530429
6526846
6523201
4553944
6501926
3715679
2670362
2698282
3615297
6493861
6404590
6470620
6462553
6467935
3619776
6453709
6453695
2725278
6413112
5727051
3317658
5687321
5902318
247440
5885334
5846286
3393700
5860609
5868832
5516989
5864126
5861852
5848213
5840203
5778604
5819916
5751003
3449065
5605900
5788973
247127
247360
2387473
5724954
5754577
5724666
247366
5505001
5703652
1407775
5737309
5720999
5687232
1925684
5692067
5691612
5657175
5069822
5690991
5646316
2163713
2955121
5595048
1491934
5607240
3038024
5426426
5568737
5509224
2579229
247242
5532662
5532049
3394983
5311466
5482992
4408255
3369994
1115014
4804030
2975897
5361414
4480994
5370019
4528972
1418289
5247875
5343109
5325237
5327893
5312054
5295558
5251386
5293286
2331888
5240014
3633838
5245575
5241049
5241049
5233423
3218603
5219622
5194913
3752931
5198249
5177172
1314755
5159448
5141753
5154927
5133846
3631440
3743571
5086513
5147886
5106206
5144141
5142966
5133357
5128168
5126421
5105168
3602553
5095112
3756656
5074924
4771604
3565678
3723684
5047846
4544097
4809388
2406473
3658400
3060402
2731048
4794335
4632940
4789955
4785889
4767731
4730279
4765126
4750684
4750672
4708161
4706447
4540047
4611823
4645872
2955887
4619802
4478711
4515931
247866
4445428
2684883
2475095
3720789
3737210
4430956
4530118
4487853
4521914
4500424
2510065
2900396
4400784
1524837
4471154
4452382
4460574
3745248
4446413
2425497
3589468
3764635
3764496
3755549
3762277
2168442
2934515
3717111
3724261
247161
3722752
3719056
3285026
3596361
3666914
3684694
2494891
3588625
3627556
3654288
3415180
3415180
3012906
3635709
3627130
251676
3620450
3611970
3578828
2184061
1768291
2290730
3584776
3413615
3228028
3414235
3421303
2437476
3327954
3410537
947136
3406268
3397447
3392042
3359140
3355447
248020
2895310
3340699
2079310
1567298
2391865
2087693
3235591
3252020
3266318
3292838
3258427
3239951
3274634
3265742
3228091
3255486
3196421
3227764
3204483
3147192
3204640
3204491
2494275
3198506
3187905
3071464
1953392
3177265
246997
3148828
3112546
3126105
2613303
2958599
2962987
2325294
3110643
3053863
2994961
3104680
3097897
3059753
2434020
3029902
3012354
3015709
2985189
246970
2918445
2974083
1150263
2961522
2736063
2903836
2892014
2433426
2393399
2741105
250376
2369545
2719823
2740979
2674468
2716879
247121
2676067
2666546
2658886
2367885
2355595
2648293
2095803
2654419
2633256
2631498
2629698
2619093
2588229
2586716
2586409
2585498
2576663
247164
2571654
2570378
2483479
247217
247382
2548406
2542740
2512628
2526700
2518404
2381025
247264
2462357
2460139
1161015
2443691
2442079
247265
2409614
2409614
246982
2395566
2369018
2354555
2339391
2078134
2279531
2214938
978823
2281866
247370
2272391
2072616
2260287
2269474
2162055
2039168
247013
2223634
1226625
2183766
2203894
2076088
2032376
247041
2129010
2103951
2094982
2074851
2066576
2027920
2030943
1388820
1897068
1909250
1379942
1731066
247081
1431716
1825734
1813248
1746204
1056305
247237
1705519
1642392
1633180
