6964084
6975129
6972830
4878693
1071829
5492699
6807872
6926725
6941295
6910511
5754861
1999518
6904521
6907656
6858041
6901174
5119905
6908618
4753279
6520851
6874797
6880372
1070627
2374994
6752395
6811587
6866773
5843137
5513345
1084195
5799004
1064795
6515417
6794347
6789686
5833501
5396462
6762477
5594900
5893956
5296769
2291594
5252142
2315021
6630763
1061121
6737373
5128883
5857687
2201047
4730338
5468324
4811838
6621553
6672911
5377285
5548025
5611238
5235937
2445021
6421560
6523636
6515416
5560087
6446907
6416965
6403577
5086451
5706374
5102960
5888118
5888109
5831439
5888113
5880706
5552242
5862944
5852754
1913920
5824374
5821994
5724648
5751947
1074866
5648378
4441131
5238149
5749740
5535357
3018449
5676982
4845520
5691291
5654011
1070606
5637634
5540844
5490872
5609911
5164038
5580902
5471397
5561337
5559292
4640890
5462685
5535126
5545018
5429837
5424711
5432787
5339679
5378504
5427740
1070652
5325138
5333967
1078338
4556054
5284895
5366645
5315667
1071545
5272781
5293541
5298349
1642740
5183854
5284044
5262298
4602446
5263593
5184086
4538689
3618865
2840071
3602167
5225240
5112503
1061610
5206840
5145221
5196619
5176789
1077942
3755739
1079944
4545223
5093797
3274405
4828683
4857373
5051016
4725501
4797324
4541847
3759864
3309132
1075778
4840326
4639530
3592045
3450593
2689340
1066146
4721050
4735141
2139808
4639626
4593783
4538455
4559434
4555440
4551632
4526434
4520010
4501905
4481181
4466360
4464972
4458629
4436126
4400194
4420237
3755242
3672392
2963397
3665972
3616441
3165962
3275655
3450006
2218425
2984262
2984262
3447343
3387815
1948051
3199893
2163547
1076050
2531915
2122304
2619078
3039390
3007181
2796122
2779844
2052367
2234749
2158593
1070280
2342348
2251827
2234475
1074923
1873862
1148169
2017999
1074748
2156634
2111748
1949615
1080034
1072171
1908752
1716864
1072803
1611597
1085208
1071155
1083861
1083492
1073100
1073131
1076495
1087688
1082577
1072079
1076383
1071248
1067698
1088172
1080909
1076320
1087191
1086326
1086213
1077272
1081305
1080466
1079582
1079318
1078345
1078194
1076207
1076194
1075213
1075174
1074956
1074301
1074662
1070997
1074610
1074179
1073982
1073854
1073789
1073677
1073481
1073460
1073282
1073260
1073207
1072890
1072763
1072409
1072218
1072136
1072019
1072057
1071942
1071102
1071208
1071723
1071130
1070771
1070891
1070945
1070689
1070340
1070252
1069993
1067329
1066930
1066952
1066822
1066829
1064789
1064148
1063144
1063248
1062350
1062229
1062162
1061831
1061211
