6763258
6852176
6975320
6825856
2884023
6852502
2358769
2732243
4410829
6854483
5202723
6941527
2700110
6966037
6977278
243033
3311916
1036374
2663827
2173420
6962471
6607689
6972293
6970626
2193084
1727120
6973244
6969959
250524
1639243
5946162
1188318
5605977
1028467
2605411
2740764
6934192
1215961
6837597
1041617
6969189
2586748
1148869
6964799
6958572
6961423
6952243
1376156
2088187
2240219
3249774
6404803
6964543
6964123
947483
1036469
6514752
6792285
2655447
2535531
1280543
2923517
6858246
2906535
6922718
6928600
6919595
6942572
3032191
2895574
6891726
6915338
5679407
2875188
5083409
2903933
6879883
6917314
6950847
2244044
4766695
6933733
6950829
4546824
1505897
1846307
5476427
2539862
5124258
5125826
2011890
2160663
1817358
1831831
3129580
1813259
4533970
2144384
6931639
5144299
4607640
5096620
1037617
1838771
1921089
250804
1376233
251872
1397792
2005425
6925635
2653865
250611
6858612
6855385
6858587
6863823
6861527
6864579
6866792
6867874
6534052
5379578
6801391
6808319
6811815
1188303
6925634
1816842
1035880
248382
6798366
6839445
3650706
3279222
3420007
5526547
5277914
3688871
1189568
1279942
1446674
3334912
1271715
6714371
6913635
5175719
1376959
6865611
6643003
6921534
6737675
3584148
6924541
5788557
6898741
5867203
5057869
6909396
6916336
6921590
6921590
4815295
252076
2130332
6802850
2345451
6906221
6883049
2601925
1882490
4452258
3205600
258124
5573797
4481145
6901978
1039620
248095
4705994
6432817
2157264
5688120
1950391
4579847
6818914
6839628
5848610
6896464
6905798
6898295
3019533
2885332
6859382
2220764
5362857
6898856
1700177
6882259
6836346
956026
1827910
6521458
1038634
3114382
6890659
6557911
5349798
4611262
6890265
4502710
6408587
2775681
6888303
1619940
5037823
5127094
5373182
6867609
6428768
6851954
5627273
6540101
5450761
6837877
1043790
6577284
2103988
6890663
6854439
1541850
1987920
2562245
6887071
1597537
4400776
6834379
248268
5703483
6830544
6880541
2057795
6877303
6561188
6770222
6814641
6731485
6803973
1113106
248198
1398180
1513654
5622137
1377923
2520725
1376551
1038286
2958844
6823044
5285133
2154459
4711684
250529
6837707
1753119
5083760
2338568
2390545
1085944
6787066
2357268
6855946
2261260
246583
4420343
2178986
6443628
2378768
1653110
6846553
5102030
5358849
6851467
6842475
2608003
6847455
2136283
6833549
6551559
6844478
1407482
2528628
5158116
6842019
6828123
2238520
6746662
6416948
5280035
3085372
6780894
6561801
3148737
6694810
5432415
6419471
6834073
5883014
6784819
6828177
6833351
6832141
6827862
6823814
6827874
6833672
5750355
5476699
6823234
6789004
6645769
6489701
250747
1072636
5402886
2237546
6823379
5332805
6821083
6819308
6818354
6815482
6801999
6797127
6803080
2568266
6802953
5812178
2575890
2565574
6812126
6807759
6432642
5740565
3684332
5211165
3715021
1187688
6795908
6805323
248047
5457112
1869170
248067
1293482
5397373
999587
5639460
6768368
6769412
5391260
1118025
6782615
2396801
2748267
6779381
6406838
1718908
5530910
6653084
248283
2233770
6776398
6719876
6778322
2971671
5396442
1132918
6784165
5816197
5872463
1242189
6778360
4713944
1971578
1752743
4792431
6727466
6764238
6757537
6766648
248200
4613956
5737214
6769316
3195461
935696
6766630
5632051
5644699
248370
248326
6756847
4525292
6757653
6758900
6760258
4653124
6693896
6415803
1294959
5387700
6752015
6747240
3395949
6749395
6526177
6721720
6750020
2168066
5521221
5080464
1878001
6744989
6722294
6548331
5826255
6734627
1337948
6738917
5645810
1530899
6581639
5807029
1399288
4700169
5714658
2195171
1055458
3408748
6637048
6600388
3570937
3285701
2335801
2912255
2185721
1373863
6715883
2473894
6426556
2783797
2069404
6729218
5832718
3416717
1292141
3571299
1377139
4515661
2585011
248258
248311
5820102
1376419
2197876
2714434
5547810
6725103
4636853
2541570
6522575
6726560
2179810
5624792
6616674
4620634
5094168
5675617
2507849
2094209
6698115
6675626
1329376
5697872
6658244
6480955
2265212
5835490
248373
6704309
6664100
4549347
1055383
2874125
6677969
2106398
6668427
6686328
2979704
3198534
