975836
6950796
6972715
6965267
6965293
6965293
6957233
6910698
6864376
6938167
1824342
1166691
6937296
5314373
6863670
5053533
6819172
6867438
6838505
6861905
980367
6846319
976123
6826552
995501
2222986
5259861
6729356
975603
1944149
6780681
5414093
2740426
1288685
6407366
6690145
6736923
6740003
5126574
6731474
1935992
6701499
6706864
6668070
6577920
6701557
1427602
5642684
6680981
2922443
3425053
980264
6627708
3364677
1854263
6581596
6531035
6543844
6552096
6561552
1877394
5420893
6483384
5885872
6559241
5739620
5192154
5245438
5270661
5815583
5327753
3689799
1957239
6543131
6531150
6526768
5742457
6450280
6510049
6508765
6507788
1242902
6447589
5511360
5496308
5503753
5101001
5883748
5878329
5672698
5469626
5657239
5550985
5621844
5732570
226045
1088186
5547880
5737351
5177675
5584352
5756963
2024635
5555905
5741430
982585
3694409
996103
4580437
4805517
5510177
5353958
1579073
5664157
5664157
5664158
5664158
5562244
5640836
5267212
5618534
249414
5580763
5302894
5541444
2255849
2437410
2876855
982592
3620007
4403837
3743664
3372863
5519667
5557788
5538711
5473374
980525
5508055
4476117
5484440
5466947
5407101
5414447
5468421
5457793
5419922
4825900
5289636
2001349
5173216
3759462
5419749
1354786
5395791
993071
5395599
1469500
4694327
5087463
5087463
5361719
5354573
5278360
5356120
1048900
5304717
5319074
5300312
5338999
5307405
5330388
5322297
5258569
978056
3277828
5316401
1885767
5310971
5123563
5219989
4773407
3655006
3118111
1825206
3012134
4440652
4529400
4715049
5216338
2412799
4997957
5296254
5196196
2685817
4833861
3004651
2912796
5043870
5163691
975072
5255445
5257387
5158850
5265501
5074875
5264071
5251953
5265389
5264478
5264478
1802987
2073932
5259519
5251167
5254139
1015725
5085152
5227539
4998987
2790470
3181248
5056395
5107509
4467141
5041354
1069530
2736291
5184747
1030705
5163269
2848980
5175620
5143252
5158519
5154974
5158457
5157822
5156098
5147705
5132379
5132282
4541390
4842094
5116716
5081157
5099907
3044008
1023075
5093592
5086228
5086757
3704525
5072987
5042649
4843286
4823753
5036511
5044934
4777331
5059034
4997986
1250886
4489500
4708287
4862171
2100361
4552600
978444
2024643
3322096
4808215
3019542
1635823
4805155
4431429
4763331
4760506
4753100
4710331
4716412
1009667
4706949
4469484
255803
4649039
1110227
4523514
4474162
4446072
3596175
4444598
1824024
3038915
4429491
4404256
2907453
3565879
3684679
1034872
3668685
1049190
3603758
3141150
3141150
3447576
982793
3269912
982847
3388661
2832960
2029457
3228531
2286747
3341305
3313663
3306923
3229746
3286284
3183137
3190316
2807118
3128083
984471
2803188
2810006
2633059
2976576
1619536
990264
2041183
982768
2876224
2802740
2799835
2786958
2661980
1197539
2392140
2074772
2550749
2354673
2634914
2445960
2580667
2493928
2498191
1047517
2266107
2524107
2424887
1405932
980483
1050969
2146236
975811
2446052
2255229
2333138
2334833
2190159
980054
1848103
1943366
2211342
2045615
1889039
2029850
2251597
2251597
2177103
1142309
2104215
2127074
2125636
2117864
2117933
2101917
1805426
1800186
2097394
1979568
1591669
1311655
2050181
2025030
2004743
1982380
1982593
1990391
1946588
983397
1939987
1846993
1806083
1905008
1937270
1754417
1467067
1727570
1608461
1859452
1597634
993379
976442
986761
1016924
1838410
1014263
1824162
1825349
1825030
1688707
1788513
1780041
1740239
1767537
1602970
1744035
1685396
1730258
1669913
1707566
1622529
1658949
1652833
1626403
1030385
982372
1584103
1623652
1409265
1591190
1273548
975302
1570563
1579763
980105
1544815
1318158
1466620
1029214
1497521
1358754
1336756
975757
978140
993900
1404300
1308833
976326
1324468
1304549
1304420
1295963
1134917
1224799
984513
1149023
1024178
980075
1134922
1137252
1109503
1111270
978538
1094050
981173
980721
1029802
1056214
1015288
1049212
1045787
1037594
1036347
1026488
1022922
1022906
1016473
983433
1015398
1007336
993464
980080
990415
990215
980660
981401
985621
985524
983633
983493
982923
982947
981823
981688
981278
981198
981184
980474
980363
980246
980162
980168
978901
978840
