6971899
6971899
1050125
1212257
6932287
6846933
982415
6928889
6911147
6905687
1039224
6890032
6845673
6845673
1075353
1040179
964855
1046511
1918666
5669173
6423227
6745641
5415965
969907
5798054
1983064
1039634
5623466
5745339
5333734
5322731
5558651
5862499
5866181
4569208
5347214
3286729
6579281
4759360
6506572
3739337
5497907
5738069
5097736
5823935
5828042
5812892
2454906
1039449
1038440
1043004
1042875
964784
5736183
969814
1047530
967628
938210
4749089
4659453
4657420
4443461
964942
2757083
5226079
1040926
3408203
4758511
971233
2880566
1039450
244566
4574127
4581227
1038323
1065444
3344082
3309977
3072126
3723554
3171167
4513075
3172764
4471048
969659
3405281
3160945
971476
1038383
1040640
1046600
1146641
975404
2930395
2829208
1414815
1046924
971715
3389001
968282
2738558
3295809
1314751
964882
1038983
2543702
1039824
3053688
2570016
3004188
2677232
964950
975765
2672295
1141243
2395130
964833
2546664
1329873
2342179
2183504
1266151
1415421
1039397
2110944
1934362
969682
1415280
964739
1038534
964954
1041336
964909
1330387
1414926
1414710
965020
1038837
970072
1277184
1038398
1036009
1139785
1040724
1038362
1044176
1091904
1097509
1048972
1038535
1042238
1043769
1045877
1046628
1039223
1045130
1042124
1040590
1041059
1040667
1040655
1040299
1039811
1039812
1039702
1039552
1039398
1038285
1039034
1038744
1038828
1038633
1038186
1038441
972357
964961
978818
978623
974810
975728
974833
973106
972504
972286
969057
968622
964974
964988
965004
964875
964814
964839
964810
964583
964799
964761
964753
964567
