6976164
5841578
6962607
6967612
6972892
6972892
2218172
1767303
6959463
6964607
6960287
6953371
4796733
6957172
5625701
6888006
6433793
5724995
5096855
4809966
3139081
6927127
5242057
6900403
6887151
6928598
6870495
5197060
6925125
5356868
2682314
6888070
6919603
6818656
6736569
4708685
6903958
6894272
6890306
6874226
4831254
6879594
2659603
1043107
6872772
6866977
6782984
3579986
6717096
6867375
6512174
2212460
3430739
4791692
5116218
2894929
6845535
6855069
1047160
6846784
6804605
5572599
6780310
1060701
6779219
3293866
6808994
1031205
3252283
6798728
6798133
4786285
6738328
6797312
6796509
6794906
3100162
6499179
6530546
5096698
6765195
5223748
6401359
6770321
4857492
2731759
6756956
4856409
6761351
3628779
6750385
6756300
6748827
6746551
6749567
6743627
3729736
6669971
6669742
6683025
5145424
6736809
1257557
4849888
5088321
5672337
3729089
6726765
6728222
6722947
5469933
5801905
6559773
1046509
6601628
2577255
4553320
6695491
6696941
6443148
6698521
6534520
4773320
5805890
6676457
6447104
5381820
6574360
6663916
6669023
5464280
6488266
6649077
4635234
1453325
6621706
6621037
1807822
5552771
5294414
6611721
6606417
1423707
6571100
1078097
5851856
6580459
6465654
5660253
6519611
1028216
6524994
6522870
6519615
5374793
6499181
5321530
4443404
5157126
1025427
2782251
5834436
5330741
6462042
6442208
6436943
6437413
6428221
6431850
6424900
6424999
5781731
6422439
6417196
6410971
5175105
6294537
6407657
5903378
5896779
5878761
5866827
4440710
1147657
5857020
5193358
5449930
5839090
4810246
5835587
5834502
5763210
5800513
1393885
5805624
5817240
1025841
4998781
5797038
5795421
5790011
5789705
5787445
5754940
5263156
5748353
5784297
5389891
5769475
5767352
5756734
5767699
5228944
5766724
5766087
5763438
5755646
5751567
5645460
5737890
5572627
5732762
5709365
5714923
5725826
5265860
5725151
5718138
3645125
5612869
1028537
5652224
5008104
5176064
5687742
3232205
5552453
5667756
5579703
5617275
5675379
5671296
5622735
5631703
5458366
5625600
5605159
5617055
5613485
5607420
5607321
5601971
5174331
5490408
5594252
2132061
5569235
2130467
5564140
4406812
1026018
5517613
5570656
5563866
5343244
4709421
5545816
5525963
5532938
5516071
5511675
5403926
5440219
5495477
5490466
1025516
5449527
2637028
5479586
5471676
5469307
5468895
5437203
5446963
5314084
5431737
5432810
5427827
5423952
5424235
5345301
1025419
5407201
4765362
5402114
5392895
5308332
5375071
5377060
5377761
5379086
5308728
5189967
5202864
5366479
5372143
3049321
5131280
2014145
5175418
5365199
5353218
5359539
5329642
5343551
5236080
5230721
5275704
5331876
5333768
5335375
5331540
5325910
5244106
5313611
5282242
5313594
3378402
5262390
2652077
5225245
5280618
2760734
5284511
4818878
5289518
5275701
5246152
5275426
5279408
5227805
5221358
3437073
5271373
5249382
5172616
5265274
5264403
5260789
5234091
2275374
5231871
5252426
5249759
5126846
5234000
5229499
5211888
3396855
3741525
5228329
5222482
5228491
5227889
5226140
5225231
5221892
5188119
5220822
5217762
5197939
3572974
5175545
5200412
5202930
5202666
5199658
5194966
5192498
5179632
4487130
3744797
5182166
5188006
5186215
5140133
5164259
5178940
4480361
5171223
5166004
5168199
5159078
4801421
5155746
5141325
5149064
5148022
5150101
5146145
1482264
5140368
3226724
5133346
2934351
3045068
5135057
5135153
5134186
5117812
4625720
5086691
5104027
5097106
5085885
4865294
5080709
5080018
5080498
3079856
5076442
5073834
5040993
5046425
3682776
5072259
5066152
5062835
5057131
5060550
5055764
3674628
5055208
5044364
5036438
5035047
5033818
4998293
5030652
2072979
4501749
4996676
4996276
4972860
4854395
4867593
4761342
4839095
4852041
4848244
4822359
4560359
4757838
4837628
4835268
4833665
4831684
4831922
4831332
4829489
4826020
4821435
3244174
4715273
4818309
4818408
1074811
4811764
4787767
4808378
4807742
4800096
4795494
4539405
3094707
4751526
4773253
4721438
4767030
4750321
4746846
4753679
4752168
4741842
4739414
4579693
1029799
4723214
1028772
4715279
4660098
4701892
4706054
4429168
4652980
4651881
4643815
4647671
4635844
4637218
4602199
