2607185
6965387
6947744
1873481
6954462
6922145
6954529
6952924
1825369
1816245
4793238
6924076
4429318
3242815
6906446
6836173
6778737
6768569
1824456
6867820
6882296
6486741
6872970
6676103
6777299
6568149
2427254
5881436
3052723
5777641
5681753
6803651
220275
6604813
6706056
6688841
1982153
1156947
3289111
1778564
6703213
6682867
6675895
1627686
6678879
1984012
5065433
2859100
6679385
3201619
3740775
5784129
6573151
6651507
5558193
6520522
6631248
6584256
6618990
3636340
4427256
1093540
6612391
5132479
6529741
6568274
5347493
6477427
5876912
6491403
6456230
3736546
6412045
5892456
5870860
5883274
5037078
220251
5189560
5329324
5810663
4836042
2978614
5815359
5735705
3179707
5720188
1647289
5680550
3712367
3083408
5702152
1271625
5694796
5670646
220451
4497719
2900742
5583910
5622189
3722855
5525101
5308978
5492298
3703549
5168897
5548146
3187570
5569593
5525671
1675056
1676500
1790490
3705600
5540709
5514107
5462077
1851190
3720883
3719902
1250577
3703739
3711368
1791490
3710272
3693218
1788870
5491655
4576785
5452505
5448719
5442694
5433782
5400717
5341462
5311254
5251721
1289584
5184088
5374153
5178321
3683725
5358462
1779735
5302421
220233
1917156
5293583
5307200
5299594
5284377
5272733
5269480
5257215
3648792
5216219
5226369
5234391
5218512
5207659
1147386
4596027
5201463
5183012
5189206
5184341
5171269
2060666
5151865
5134456
5145247
5107523
1692123
3649206
5054268
3281336
1644866
2195337
220313
220359
2712131
4653521
1950162
5039115
5050938
5075754
5082153
220261
4806181
5079448
5073527
5054555
4817550
3424681
5038281
4431020
4473913
1918351
3566563
4471044
4858107
4845664
4827038
4581464
1902131
4843336
4788022
4828352
1666207
4818708
3342932
220352
4817834
4818880
4806948
4801000
4792427
220354
4726069
4765351
3567734
4766841
4745327
4719337
4705684
4708192
4711441
4711460
4728555
4728711
3686851
4466106
4653629
4599847
1840457
4703124
4730263
1728668
4726503
4618389
4703131
220257
3253787
4661976
4645552
4653787
1381550
1907477
4654554
4646790
3314492
3730701
4440051
4511801
4622242
1722551
1339955
4630296
4507676
4632870
4592422
1636259
4618526
3613654
4634776
4587271
4624085
1883793
4556702
4600220
4591605
4599153
4569266
4454059
4501218
4590818
2368936
4587289
4583323
1789215
2332813
4571147
4558761
1703174
4561461
4565806
4569604
1699627
4546507
4547809
4563629
220404
4418620
4544498
4547088
4548946
4558611
4516497
4549196
4541040
4526744
4484656
4537375
4512405
3737418
4525041
4497422
4493167
4507943
3652510
4480149
4517628
4438884
4471186
4490619
2892988
4527199
4516715
2057532
4520223
4494046
3668090
3767510
4502854
4497862
4506761
1836438
1714644
2008416
3744355
3671852
2667329
4499276
4497629
3754063
4425231
4412115
4473117
2610482
1685030
4474037
4479374
4483066
2594895
4427293
4464433
4399224
4464587
4468490
4455027
4429778
2472470
4435265
1733314
4448143
4435103
4445879
4448928
4448583
4448260
4435885
2102463
4443702
4434682
3691368
4430669
4432371
4417246
3748933
3719796
4422449
4422658
3407255
3743867
3670069
3763925
3755662
3764007
3731805
3742565
3664427
1664602
3726779
3726058
3724941
3663973
3712164
1644929
220263
1688158
1707571
2211284
3634466
3683323
220309
3692234
3699346
3699188
1766808
3424499
3668028
3680922
3676892
3667976
3372818
1645221
3649732
3646941
220284
3627787
2951592
1696193
3014425
3389969
3217957
3182928
3182928
3427948
3303486
1738807
3405507
2119540
3337716
3339888
3290859
3246824
3303321
2661673
2141377
1103846
220292
3202010
2140785
1864143
220302
3129755
3162981
3053446
1664971
3153771
3098554
220346
3015042
3073594
3099793
3082832
3006486
3074688
2612352
1748704
1793734
2192020
1812029
2923290
2939643
2858078
2886765
2854632
2853029
2839272
2838668
2833163
2832486
2831261
1934182
1819730
2776999
2708533
1380010
1283691
2683484
2663684
2523894
2625246
2300637
2635779
2616565
2609319
1689749
2594773
1867350
2581207
2423301
2516779
2431284
2504528
220236
2440994
2405040
2380894
2362835
2361470
2377270
2168494
2345722
2338051
2357035
220344
1699548
2295708
2228361
