6861052
2193606
2713302
1466482
6978731
6978731
6976455
947330
6822546
949329
3623679
1704153
5194355
3349577
4533066
6970911
6962894
2197934
6967440
6967662
6967287
6456335
6963222
1061954
6963949
947267
6964674
5237860
5340801
6891805
6730359
2978328
947367
6955419
6953121
6944877
3672318
3339064
6951234
1088678
6627470
6790164
1822114
6928152
5801711
2619394
6941161
6948033
6934480
6944535
5147014
5776039
5215285
3402643
6939579
6947078
6947078
6932462
2126101
3041866
4807324
6894615
6935549
6933576
4821318
6930671
6926995
947484
953415
5886547
5798068
949048
6927413
2555581
4613002
3751825
6922479
963640
6507854
4597254
6909910
4856848
6911169
947459
4603886
6909900
5768441
4866936
6904199
5713002
2700187
5321846
4843640
6894957
6893370
6892126
6892309
2009788
6889046
6888565
2011645
6873630
5288590
6853232
6878375
6879611
6871073
5245419
6866154
4760882
5833570
6601706
6870063
6824187
6831714
6850844
6867745
5869288
6767134
5240009
5407684
6759239
3612484
6671287
6851991
6855025
6855025
6853202
6849719
5738600
6598035
5661238
5661238
6832169
6839621
954543
4703753
5370695
955783
1643509
6442684
6584789
6826868
6832864
5902092
4838500
6826862
5619351
6828167
2330457
6760098
6785574
2982810
6811653
6553741
6815724
6813822
5658739
6417707
4523920
5736799
963757
6802473
2692019
6796334
5810789
6795433
4539109
6796263
954821
2625068
952424
6793185
6788119
6747358
6791393
2657318
6728696
963161
2979479
1688924
953181
3726874
6782497
6778687
6779386
6773246
6777498
5861848
1539633
6602558
6774345
4619296
1622823
6769350
5382520
6760973
6482073
6767188
6758964
6757200
5854930
4396221
5117418
6743940
6707240
6743768
5325060
5370279
6740044
4660356
6739078
6743782
6648046
2908859
5594740
6738032
5289487
5446064
6695049
957458
2462840
6735865
5612204
5240407
4596005
6728713
6731381
1641322
1641322
6723306
2150035
6721231
6719390
6721218
1047346
5794623
6443593
6616745
6717329
2475721
6715178
5163965
6507559
3727257
2794325
6709600
6417586
6630442
6707475
6705448
3595485
6701406
6703511
6702468
6520165
6697352
6697058
6690110
5820220
6693787
6691800
6685834
6646845
6534976
3373440
6619986
6613469
6631559
6684799
6687854
4465882
6678200
2522477
6680951
6680408
2201138
6656378
6663901
4456421
6672057
2292772
2408327
6563607
6635826
5188406
2996074
6643327
5384625
4815573
6649627
6589889
6654121
6656052
6654093
6652454
6652131
6646960
4605962
6648755
4787315
6542193
6643642
6627836
6635696
5405936
6557559
3391794
2775600
6632054
6631647
953709
980061
5564504
6620924
1138685
6626638
6457122
6617669
6621318
6621604
2357492
3667682
3752116
6599196
4703565
4695138
5033405
6606707
5187424
6611636
6606913
6607934
6608665
6610214
5665565
6602303
6592278
5099738
4818120
6595292
6579320
4842196
6593663
6591474
6579252
6520972
6560565
6562128
6553427
6561911
6568740
6562854
956450
6580101
6568481
6575420
5899603
6522047
6552915
6565970
6565812
5427486
5791450
3566789
6526288
6559927
6540465
5842393
6460075
6547401
6553388
2501339
6540871
6548951
6547314
1250564
6542399
6539945
6524595
6518718
6538212
4811595
6418270
6530369
6457580
6467730
6479187
6506609
6526689
2449651
6511208
6515191
6521233
4405511
5586969
6511928
6473631
6486318
5697295
6506501
6505808
5484096
6478859
1037298
2646625
1884669
6495362
6486320
6486319
5617807
5406053
1645344
6480613
1517048
5330206
5695453
6467059
5773891
6461535
2118932
5260656
5698400
5782070
6462751
6453677
6451283
6449230
1908535
6447266
5847043
5850711
5475217
6433643
4664202
5876407
6433312
5584526
6429982
6430032
6429518
6428524
6425184
6423014
6419254
6417929
5637225
5363087
6414228
6406505
6402172
6406081
3236291
5156152
2921670
5757023
6407669
6406834
6407438
3068627
6402586
6401588
5903682
3395426
5834848
5731902
5896531
4753732
1588148
1483447
5882501
5886218
5869075
5880475
2497034
5335100
5877307
5871721
5855683
946432
1555037
5856911
5861783
5657540
4585222
5856425
5854605
5855752
5855752
5853643
5853863
3104773
5843657
5847551
5844732
5841787
5841512
5841207
4444926
1789404
2230746
5774375
2154178
2987838
5829912
2406828
