1845827
1152635
6977068
6975906
4477811
5414790
3050240
6931248
6770119
6899347
6948146
6950794
6957261
6898371
957020
5615605
949504
1475736
4849105
6942096
940264
1167614
5703513
949364
6894274
6915833
6922716
6911148
5151933
942090
5726119
5164275
1547756
241759
6919229
1232311
5845879
1150453
937212
6832430
1044860
948305
955156
2537642
5180050
3445022
939314
937261
1463422
6872487
5072760
6770751
1176961
6865623
5495961
6844345
2374700
6850085
6856986
940481
952582
6841139
6856708
3419395
6826867
5170533
6814289
6576750
3718493
5090504
943152
946076
6787952
6699396
6763552
5851702
2831137
6763434
4473964
6767910
6744883
3199350
6788407
6768171
948410
941545
5533617
1390650
5645167
949636
6782748
6782257
6745932
1174782
5823975
5748755
6777257
5328124
1045173
6597804
4486872
5323255
6710010
1043904
6760260
5121565
936960
6659847
6742019
6744191
6705487
6627580
5750059
6733846
3321579
5449607
1633316
6653093
2149249
5429657
6718830
5667564
6716768
2697687
5876330
5644142
2503793
1300901
6660948
6681611
5628844
3676676
6547719
6543710
6480646
1945863
5129297
2800194
6574171
3227895
1915529
5486823
1775135
3039360
1475143
3007015
6604311
943857
5827355
6617507
6638335
5472436
6511154
5368905
4747685
1164808
5068718
5431723
6524344
1717680
4557194
5401636
1960154
1987291
6506695
6571034
6464114
6465150
6490279
6525612
6529965
6451405
6457801
982523
6585380
5368938
5799535
6421681
5862087
3294303
1367966
6503082
5095206
6522329
939069
5510643
4945166
5140656
5547318
6484794
5111915
1810702
6461395
5625814
6479569
6426270
2230849
5455660
2373248
6451575
4712909
5077820
6443259
5227531
1408489
5111829
5456832
5485592
1056627
4541483
6413732
936834
5896116
4721001
1878861
5872654
5589495
3164299
5831410
2303080
1573092
5376902
5746493
4631880
5848446
5842766
5830846
5760480
5828970
2375150
5821794
5825380
2940007
2335645
5791958
2533822
2707859
5813459
5460631
4746745
4747504
5033330
5712377
5178428
5517574
5284675
2462066
2734148
2419362
2275209
5800916
5804607
5709946
5674037
1138712
4789797
5232359
5800617
967796
4811715
5781608
5789043
5784270
5771978
5754900
5756349
5002681
5755302
5756033
5691709
5748114
5746206
5725343
3001082
5404917
4452212
5698148
1440325
939818
5713553
5707717
5701867
5666675
2093266
5692598
3664436
937109
3324653
5663114
4858561
5682730
5667317
1288892
5286995
5202923
1954391
3091591
4634159
5679415
5679957
5663507
942504
2638525
2672243
2907511
5350000
2837044
4626262
1906244
5377119
1161989
5421497
1428789
5643918
2943065
1622310
3083960
5614843
5618068
4411000
1312556
1622573
4622697
5621527
5347207
5609495
5595870
5586816
5616509
5258655
5588476
5600031
5597595
4750391
5554567
5527241
5586565
5562670
5576475
5579009
5579886
5566186
5418883
5576128
5578999
4425094
4751556
5484134
5497064
5537958
5547560
5506729
5498112
5500433
5531128
5538155
5534240
1482194
5089743
5439867
2236257
5532600
5523574
1450747
2658957
5506148
1070803
5089135
5492352
5488426
1055172
5486693
5477395
5473627
954926
2195012
946874
2847638
2931094
5033334
5459885
5473870
4709571
5174154
5100524
1894993
5469832
5471338
2152897
3114556
1985033
5435168
5450262
5441340
5444376
5408701
5419437
1423066
5440474
5432829
1398564
5426899
2755384
938626
5200856
5139375
4646716
5402386
5393652
5371479
4532501
3160488
2917399
1390048
5388369
4395165
4606751
4576329
3302012
1428769
1259621
2488847
4858226
1662126
2433056
5337810
5338529
5352545
5333009
5333276
5335296
5075131
2735801
2686220
938648
5306346
5311954
4526230
5311592
4723891
936591
3562660
5314660
5301667
4803465
5301996
5252387
5258148
5262067
5290114
5280191
5189341
938852
5253120
1282366
2217482
2504237
3147541
939250
5257417
5287741
5244011
2664519
5052736
2561477
5096430
4458372
5259553
2786079
1659919
947542
5162109
5230779
5232226
5250006
5170456
5158876
5249178
5246838
1628903
5245885
5238790
5230114
2408253
5163492
5224722
3108649
5193501
5218702
3630467
5207890
1084102
5210424
5203035
5207431
5195850
5187768
5193297
5193391
5208465
