5602933
6977319
6979283
5302383
6978744
5018151
3672448
6946537
5399109
5750323
6971625
6977661
4808171
6975666
4416050
6497873
6970005
6446208
6974482
6101731
5432979
5382099
5423187
5502726
5351315
5901395
5601340
6616477
6962721
6967698
5088611
6964364
5442811
6968218
5608429
6958893
6965791
6964388
4852864
5069286
4820253
6797081
6942025
6958930
6960855
4795935
6960594
6960302
4396186
4796644
5542994
6954176
6945339
5627897
6837188
5442242
6872621
5338366
6951205
5122317
6941521
1110469
6770911
2449402
6783792
6884161
5450670
5829088
3570733
5101772
4773695
3728148
6919448
4618070
6928288
6935200
6929979
6934785
3011344
6573555
6890152
5467016
5260178
1070037
6923337
6904094
6895112
6916595
6718733
6832932
5863646
4629368
6905151
6616378
6473118
6899299
6913185
6916438
6904197
6911975
4748459
5337181
4752160
6895468
3740854
3150077
3249084
5404215
5222749
5086753
5902837
5173927
5247220
6899908
5255518
5437540
5352819
5403176
5302899
6873372
6552679
3291082
5337926
5370396
5652603
5082993
6837666
6890596
6891516
3450058
5756201
6888071
5178931
6881823
6856689
6872768
6885867
3617606
6628811
6748492
6886157
4695761
6885467
3421511
6878696
3712732
4491873
6761721
6452116
6698898
6877873
6878080
5877139
5358310
5241989
6864279
6872468
6850182
6870830
5897552
6867496
6867346
6865371
6618172
6860593
6860756
6711095
5491585
6858250
6848831
6730254
6836395
6853986
6844978
6676820
5247878
6731495
6849158
5632434
5357068
5331322
6838186
6805789
6847184
6833575
6832766
5870844
5278136
6759615
6848125
6843109
6834255
6841407
6754028
5206471
2750863
4809506
6822345
6730107
2506691
6838913
6735942
6828690
5484547
6832234
6644794
6812648
6793632
6821272
6831078
6828211
2839366
6829301
6823288
6822443
6721615
5097945
5888227
6439099
6439564
6675411
6821245
6822912
6822608
6818420
4637828
6808314
5667393
5693753
3357903
2686630
6621197
5580020
5062759
6812923
5674847
6810638
6769361
6790762
6807494
6800674
6677077
5470623
6679263
4531888
5187454
6805227
6607251
6805599
6804622
6489409
6798240
6801071
6797043
6799999
6778031
6779173
6780973
6781756
6787089
6794629
4765790
6765951
6766789
6766213
6473681
6610199
3591906
3318788
6787561
6782839
2743973
5380914
6789781
4441732
6583350
5318168
3742652
3611081
5786580
4497499
5137675
3656762
5118467
5622540
6654315
5675998
6542872
6786947
5247008
5806576
4661539
6771090
2836333
6773325
5377286
6776556
2088609
3720450
6767900
1077244
2449963
6671301
6747952
6769918
6753539
6590110
1069948
5481128
6615420
5223157
6529743
6762555
6754367
6762597
6763424
6763918
6764424
6763377
6761124
5518559
6758222
4817517
6728726
6744508
6751803
6743083
3435704
5038044
6744829
5034356
6734594
5504515
2970430
6745040
6733772
6718118
6729846
6615438
6741310
6737507
6716900
6717659
6727440
6739333
6734928
4830106
5495763
5651767
3110603
6401365
5174220
2625062
5855898
5536542
5613269
5600925
5597696
5594566
5593542
5585242
5580872
5580398
5569177
5565836
5564494
5549171
5542859
5540957
5530869
6722793
6723184
5612166
5617216
5617287
5619538
5624801
5626755
5633922
5633978
5634712
5637737
5642044
5645072
5657317
5662066
5664123
6714291
5668167
5673364
5673939
5674034
5686835
5698112
5708465
5708776
5709557
5713415
5715192
5716328
5728927
5731898
5739372
5742097
5745509
5746391
5748536
5754591
5763712
5872351
3730658
6709244
6710380
5082220
5172246
5868480
5538824
6712056
6703709
6707737
3662335
5753818
5753991
5765043
5768556
5782159
5783763
5794035
5796244
5796904
5799227
5803451
5806373
5818497
5819084
6710205
6648105
3644894
3721573
3683962
5855557
4775737
6698768
6703802
6646760
5880349
6416850
6424657
6495368
6499113
6513342
6527390
6548677
6587224
6622332
6699737
6698650
6698047
6701320
6617186
6659043
6679272
4544320
5510607
3656362
4731394
6698502
4750708
6581968
4509863
5603715
6597284
6697497
6633762
3640647
6696638
6676803
5146473
6051598
6687523
6661660
6675503
6689742
6690763
6666799
5865863
6686374
6688831
5612665
5204813
6592954
2182615
6671862
5383590
6678759
3329337
3625902
6671183
6674248
6568698
