2278688
6979531
6979531
6707761
5253016
6964583
6843575
6974715
2702670
6968583
6880259
6919195
6974280
6861896
6694056
6852458
6629179
2348708
1204147
6963893
6964644
6964694
6960749
3022457
3336772
6944695
3174124
6961284
2939382
6777350
6956074
3010378
6941270
6658687
6949610
3339445
4412581
3587749
5272089
5135302
1977523
6903765
5755570
6860753
1851322
6945571
2161690
2240491
5897264
2412845
1846399
6941952
6931167
6943568
6925619
6557848
3712679
5696282
3233292
2205507
6934877
6919036
2458973
1246512
2962328
6928729
6928824
2455495
3390430
3028451
4647152
6918276
6799528
6639885
6429588
2761903
216393
6897157
6908379
1495066
6807304
6809573
1227719
6889037
6910809
4408259
1311580
6910079
6906727
6901003
6896486
6890879
6880212
6899022
1446404
4861396
6711094
2685087
3347032
6634146
1868011
3423523
3176249
2629947
6881347
6814556
5061678
6606642
1567380
6882847
6882775
6879095
6747582
6873579
1285394
4507822
5559725
6871821
1009252
6862059
1226797
6862342
6874329
6839173
2998666
1100538
3021008
216287
1184258
1237645
1815018
2393079
6853922
5400828
6846412
1161153
6667794
6831240
6828258
3565727
6844753
3598689
6837087
6724752
6838782
3580844
6823055
1050417
6835703
5686274
6835254
6827680
2644863
6832066
6833463
6831288
2773310
6827479
6825910
1434704
2076778
6826013
5087859
5179232
4794207
6819099
6794712
5451387
6803948
6816199
6490123
6668831
6807966
6806538
3685443
224543
6780962
5517505
3741221
5281983
6776996
6787946
6796001
5824923
6790218
6790264
6801918
6655767
6705235
1992329
6773687
1713978
2330925
1106102
6790141
5681748
1457139
2883468
1108548
3444356
1171454
6720459
6626367
6583029
6783371
6775034
5789389
6554323
5490067
6410617
1519830
6740921
6589175
216327
6766783
4817342
5851385
6763403
6764610
6772045
1078666
216260
1970159
2553193
6727594
6767865
1867573
6747428
6616841
6669036
6762468
1011078
6749959
6745047
6739733
2602916
6745450
6747252
1135161
1113778
6657410
5495984
2989558
6740227
2372087
4479339
2472280
6741076
5865874
1108983
5641655
1248913
3383666
6670130
3338688
6713331
6710132
3132556
6737951
6696789
2116492
6720186
6723674
6726240
6566096
6723690
6734622
4444719
6724572
6731601
1968981
2557004
4817759
4418495
3697057
1374682
6723191
1030789
5220547
2042704
1861454
3381433
5576705
999198
6702671
4463074
2586754
5890683
5123624
1975852
6695576
6695721
2640928
5708951
2408230
6676170
6617236
6635410
6618360
6646818
5493167
5690924
4534717
6695385
6595183
6590230
6615312
6682452
5595993
6660700
6684113
2297611
5401300
1108061
6581115
5426958
6667749
6682714
5583567
5808045
6421360
3394340
2423634
6666098
2829223
1667464
2789915
6669795
5634840
3685215
4561812
2364552
6660379
6648866
6651746
6525182
6510265
1188494
6659338
2603734
6612665
3349877
1033694
2098517
5782666
6630046
1148767
6648559
6638232
6641832
4749899
6587764
6616350
5605049
3593942
6636200
5731152
6633472
6628299
5543668
1095642
6638761
2501200
6567736
6608619
6614980
5540545
3018336
1490857
6620268
5894546
945904
6474613
3045462
6598499
6594107
6402528
6575958
1996572
5315063
6596547
5811655
1786376
5812622
6419095
6597443
6583550
6591889
2295817
6581119
5787008
1572329
6535737
4568004
6580639
6576584
4437007
6565112
6581116
6471653
6568526
6567214
3102802
6576106
5275189
3595210
6548661
6543279
1317891
6552665
6544207
2307833
6550803
6542381
6530693
4427759
2209826
2293118
6545678
6544047
5666010
6518952
6527310
5176497
6519691
6524456
6529612
1992114
1116436
6519342
1138484
5678977
6510593
1423971
6486687
6525333
5776270
6532391
5396052
6529697
6526310
5353585
5190736
6507384
5654500
216350
6521218
3698421
3611089
2469198
6510406
6513930
6504451
6481978
6431006
6512051
6480847
6510379
6506647
6510307
6509896
2922699
6506841
6506841
3363592
6503984
6488458
6505824
6496125
1681821
6496767
6496066
6493625
5577273
6460490
6471068
6483051
6483327
6468702
6483250
6461168
6469257
6475084
6477691
6476088
6455298
6469364
5879016
6467074
6459494
6448563
5721704
5892272
6451348
1467795
6452243
4507580
5202545
5422679
6442764
3147948
4822878
