6952903
2180125
2658517
6919655
955638
6916927
6916325
2671608
3194169
6976886
6974487
5729295
2040774
2214093
6464955
3269602
5231959
6913074
6972901
6973128
6970881
6964980
2112981
6938290
1600730
6678963
1795237
6831062
2877115
6952538
6949338
2939859
2942318
6955773
6955268
6827098
6871430
1044394
3690864
4840943
5880542
6690675
6791498
4852457
1980091
5258732
3007194
2023707
6887371
2447650
1877689
954956
6949126
6949126
6944808
6940191
251624
6941465
1211636
951166
5814932
6945027
6941113
1202886
6932531
6941811
2899533
6900404
6926092
6731449
2522553
2780067
5126555
6479482
6923508
5376283
6926847
3106771
6928366
6668873
3618556
6838422
5103387
2204266
1324873
6919318
3249944
5461602
2754890
2106534
6904206
3226791
6879705
2900069
5117293
4665290
6568903
1335147
6640267
4808142
6506354
4803200
4702500
2221642
2402903
4574320
4706905
4436791
2582916
6889859
6867955
6884645
1048004
6850762
6886914
6884906
6884636
6869711
5061995
5200958
3024210
6851765
6872169
6868455
6849418
6784899
6842810
6852194
954714
1344586
6676743
1179653
6862763
5805336
5384214
5886247
5584038
6864324
1796575
5417247
6761357
6679758
6833215
6410314
6842208
2280102
2586439
6754300
2040855
2040704
6537363
6813758
6815493
6805566
5348618
3171638
1048455
3095755
1190990
5557069
6652407
5772092
2872003
6780090
6769529
6542946
2952300
2561403
6409873
3011230
1191391
956368
2912033
5321523
3332346
6595518
6797983
1403838
4652098
2346477
6765011
5579014
6623072
1049843
2259281
6779990
5182778
6767784
951025
5230633
6770215
5539004
6466169
5650059
6760674
3173818
6763619
5857812
1806899
6757921
6753229
6745045
6718187
6667792
6640841
6745893
6565248
5433369
6609250
6668865
6685950
4748719
2118215
4621420
251582
6698064
6658088
6717559
6623154
6727401
3356013
5779336
6719078
6649536
2355957
6609123
6667882
3311354
1489941
6668152
6668623
6683721
1098181
2163140
5230688
6557102
1357385
1377573
6675321
6606105
251925
6649366
6568630
6662304
6648663
6510984
6642212
6539260
3265875
6629505
6652641
5144500
5728896
2604390
3143558
5829247
2436062
974387
2176957
6629874
4706169
953448
3649995
5225533
2074031
6617295
6583603
6445899
6608618
6607781
2642409
6600372
3192485
953333
3711692
252202
3216149
2122656
4537573
2835120
2299870
251511
3262966
6485867
956613
6498995
6511088
6574053
6578084
6571199
6570278
5543203
6467912
6562376
1796271
6533006
6563685
6565468
4459171
3060405
6553485
6529488
2490653
6537349
6540417
6532302
1544144
6407509
6460742
2786403
6526655
951435
6521303
6487570
5493992
5827782
6498201
6497771
6497865
5589727
2209412
6483272
6479646
6473261
6476396
6451570
6456435
6472306
5088208
6467646
5806526
5621791
5886607
6441466
6453173
6452641
5495672
2986143
6436328
4626756
6435395
6437144
5844461
6428772
6429830
6429564
6429564
6427528
5244486
1996524
5234169
6408389
6412052
6412533
1412447
2413328
6400517
5858000
5427910
5890950
5881813
5859467
5832067
5898769
4765717
4634037
5884535
1294525
5767966
5795607
5838369
5822417
5275912
2685756
952895
5600928
5745114
5879874
5879066
5877935
5878957
5873400
1337051
4576549
5404682
2822843
5869838
4596474
5862754
5833338
3278976
2691252
5848631
1366614
4569812
5791563
952729
5839325
5840854
5818854
5829417
5832495
5818146
5629066
5800298
5823306
5814234
5809042
952521
5739641
2756390
5698516
2101805
1880765
5726573
5803389
5806278
5799821
5723313
3191945
4524768
1877977
3723141
2649504
2557845
5775396
5763716
5650574
5620531
2922348
5753548
5746370
1472929
955748
5750620
5739579
1050630
5706960
5731552
5736844
5669557
5701203
2472041
5708445
5735085
5708926
5700095
5149426
5681695
2953839
5703817
5705690
5707081
5530879
1045736
5697073
3269280
2596174
2571903
5440191
5685381
5670720
5626861
5641763
5665772
4625252
5570339
5614912
1165618
5658398
1668356
3121921
5659688
1045697
5632392
5482905
5047692
5514614
5604890
5619335
2031955
2280414
5287865
5609268
5600644
1223362
5465671
5574242
5552251
5300162
5529712
3142945
958879
1048427
2720491
5476332
5521728
4571889
2971702
5526583
1559828
5370899
