3045447
5859946
1020520
6972747
6967534
1019228
6971792
6853528
6969332
1021949
1036591
6828420
6755739
2662401
3688801
6490655
6492335
2811775
5513236
2055810
6931969
3604713
6915207
6583751
4663538
3330197
4745945
1027867
4725207
6797338
4505191
6912330
5761892
6857252
6904969
6671037
6893150
1674710
6894242
4759770
6875509
6878746
6880933
5254218
1020323
4790588
6875012
6867129
6865317
4448904
2763565
6856528
6709701
6846821
6828394
2531697
3303708
1036931
6808736
6835909
6815063
6825464
2321804
2367455
1036734
6803205
6782276
1021574
6756406
6772712
1036770
5842727
1887048
6730925
3684120
6413640
6711612
6644440
1036107
6704362
6620605
2456770
6512959
2329904
1036975
6546007
6516687
6642908
2506800
3284267
1021251
5693736
3357273
5578808
6578422
6543289
6554136
6552045
6554588
5781827
1036123
5876483
6472321
6521471
6511209
6494413
6508335
6477361
3676940
4453156
6464121
6466175
6461321
4500267
6442783
5897308
5877936
5876411
5739689
5852061
5841242
5842274
5680897
5853335
4459578
5849118
5694664
5730558
5808173
1044704
5470480
5775506
5775506
4517199
5108116
5386330
5746804
5759642
4521786
5739831
5698690
5734396
5708575
5719142
5718687
5707705
5706590
3406716
4447332
5673086
5250440
5612476
5636492
4639294
5549136
5540663
5110497
5566326
5551229
2509415
5544815
3331973
5522221
1032814
2941039
5503650
5501969
1783966
5501125
5479044
5171057
1021703
3263405
5147945
5427828
5420689
5360917
5439185
5435113
5386516
2645150
3567494
1473481
2789145
5412545
2082803
5382852
1036769
2618895
5330250
5400116
5403319
5380132
5374559
3112271
5353800
5358783
2908076
5318302
3594025
5211652
2662043
2649760
5228800
4735345
2672731
5205030
936097
5246903
5291945
1028749
4814043
5191319
5175917
5165812
5181270
5157391
2486000
5104630
2128261
5125597
5116695
3331642
3413800
2000166
5084319
5071331
4769969
4854064
4783777
3046885
1019111
4867597
4855047
3388195
4833758
4823447
4430798
4814253
4797813
4780409
4781388
4778552
4715377
2408263
1039788
2244006
4701276
4622544
4699514
4699432
4667008
4612899
1027772
4439378
4617048
4610350
4595053
4576282
4582251
4543590
4551663
4517058
3662318
4440650
3708692
3062089
3228524
2559926
3348796
3590258
4424093
4399723
4406677
4412510
3756703
3764139
3745116
3043990
3717176
3720531
2292429
1368933
3685627
1030747
3678693
3679887
1042370
3673784
3672147
3610885
2822789
2567001
1029411
3604261
2597523
3411033
3430280
3569461
2685112
3589341
3583630
3593275
3581383
2982006
3064653
3064653
3383952
3273623
3273623
3442541
1781968
1020082
2161478
2562126
3434251
1027492
226677
3101900
3414410
3401833
3388062
3223724
1018140
1560763
3375706
2674777
3372154
3088064
2746915
3074565
3331972
3351521
3310414
3333323
3244553
3292916
3281354
3283296
3277000
3037512
3025872
3016371
2473821
3238757
3025819
2673685
3210154
3163945
3189558
3087722
3113071
3136408
3135854
3084583
3076465
1020052
3069897
3065415
2025924
3028270
1928982
3060163
3045725
1018389
3002448
2685377
2758143
2950826
2651307
2928550
2849812
2607047
1780827
2808085
2726900
2804731
2577935
2775954
2778221
2688664
2487175
2676357
1022405
2667915
2632492
2409464
2557325
2598388
2577212
2561470
2560530
2536307
2528010
2523612
2373920
1021911
1869811
2503317
2456040
1022050
2472306
2438342
1649253
1034706
1026109
2369711
2372599
2374374
1039787
2051563
1728643
2227975
2103995
2330084
2312562
2250550
2282673
2147629
2252745
2136473
1034836
1034850
1020743
2121447
1034696
2066339
2098780
2055843
1019340
2009141
2009097
2047539
2028446
2036733
1958897
1805963
1919011
1983653
1935813
1947582
1904907
1504860
1897131
1854222
1889304
1858753
1025069
1039531
1764408
1806705
1766734
1760434
1747288
1642737
1706216
1029424
1018923
1018278
1038056
1616056
1641358
1607504
1040966
1564243
1034926
1020172
1169941
1520376
1379966
1485923
1152633
939425
1036470
1021398
1253183
1019046
1022329
1186845
1032569
1025224
1019022
1114377
1038923
1022539
1019747
1049117
1037317
1037299
1031755
1018421
1056261
1038895
1022365
1041455
1036230
1036310
1036858
1036819
1037824
1037543
1038600
1040348
