4803229
6945932
6978970
6974935
2606601
967945
6976915
1030797
964486
6940126
5094215
1045540
6976303
6976303
1041519
1029535
6973484
6945356
6973171
6479852
6973160
2950441
4716557
6970050
1313956
6795533
4507488
1317618
6956790
6969153
6422147
6966314
2661464
6966441
960476
6960529
5661117
1039858
1518204
1047128
958169
6961902
6962384
948603
4458550
2088586
6954499
6959418
6888866
6948329
6960143
6959764
6952802
6954845
1316331
6949831
6732034
1091336
5763956
3402905
5531467
5204927
6941997
4766255
6904860
6948086
6891724
6933389
6938251
978879
6949213
963297
6686512
3163685
1392009
969487
6945312
234282
959512
1047103
6944880
3180826
6946187
934081
2884902
6946512
949276
5715253
6937600
6942308
6945135
2991713
6831692
6775538
6940737
961422
6940415
1190680
6722965
6940244
51616
5178954
2796426
6899602
6940687
6897962
5781944
6938929
6872215
6935882
5725078
5489669
3665890
6830705
1206591
5732385
3244220
960361
6857135
1187632
4723085
5032075
5572060
2129849
6925200
6914631
1773261
6886217
6474100
6919622
6835699
2244580
6733872
6878553
2182432
1479930
1411341
5565691
6918516
6908490
6911335
6906003
6909178
1859646
5373404
5331580
6428326
1725470
6905557
6885070
6622554
6766042
1291820
1045512
5382110
1971270
951332
5832308
3137528
6834152
6898089
6871719
6879772
6887179
6885483
6885771
6885781
4710389
975968
2966306
6715973
5311551
5766628
5053352
1196909
5468718
2981017
1683042
4724392
6831345
5749840
3596006
2080594
6842092
6883617
6883617
1140267
6801764
2206857
6877937
5731754
6844789
2465632
6876421
6877108
6864315
6860572
6868524
1545518
6872756
959664
6407955
6827441
4611688
1372606
2509064
3179559
5265376
5235763
6861392
6861103
1032728
2276050
6868076
6858018
6856599
5802421
1039580
1039465
6860608
6782373
5654354
6861826
5722760
5808418
6833422
1546430
6649872
6667725
6838197
6844768
6835743
6849583
2289307
6853002
6853002
4596131
6843242
6788340
6849455
3733190
3299005
5554783
2500827
6740970
6822557
1571825
6821145
6844723
6610002
5299765
5439083
2776091
1032022
6842191
6841695
6841692
6841689
6840405
6802632
1041386
958788
5447490
6733892
6803052
6824025
6824368
6815438
6823410
996807
1027630
5657234
1819735
6676392
6677244
2973808
6757127
3387336
1198034
3011012
5520807
6815220
5399490
6769471
5371689
6440294
5166137
1030087
961848
5093675
3164346
5399034
6807140
5475154
6787043
6818171
6795681
1044510
1028480
6811711
1039613
2064083
6707053
6815221
6806673
6742226
6767850
5326320
5364220
2250494
6804692
6812652
1039621
6773978
5123494
3097148
6806177
6778293
5801140
6782442
1112473
5813260
6760516
1030799
6422756
6618041
6802278
6802278
5690107
1451203
6764078
6740152
6791032
6645799
5635403
5039047
6704351
6779997
6781952
6776404
3600857
6751903
6757134
3762521
3302839
6776305
6777328
6777328
1031030
6771759
5664786
5296284
5472733
6770259
6762799
948283
6766016
2662188
5636853
5529261
6763781
6763781
6762987
2057128
6744431
6744049
6756334
6755444
6755444
6753778
6749900
6748615
6738883
1103770
5147353
6714677
6714434
6442149
5603675
6494344
2882886
5393567
6426519
952786
5661871
6578997
6731612
959928
5186430
5523497
6485169
5178844
973577
2995125
5451729
5704738
4801139
5288913
6744946
6744946
4752725
6730855
5119171
5508868
6736963
5697871
1142540
6651065
6616143
6696315
6729426
6732444
4795866
960791
5436335
6674108
6729694
6697948
6728750
2282442
6718788
6715608
6727691
6720173
6725585
6723686
6714829
2253048
6715802
1102208
4650337
6714550
5817496
6716283
6707555
1421748
1742680
1287710
2246903
4722065
5569455
5257605
1041385
5404150
1216125
6706102
6705475
5339410
6669201
4536844
5876916
6473463
6641593
6667814
6674429
6700413
1451933
5200869
6611182
4721834
6540460
5639509
6677518
958850
1030076
3267296
1030471
6638161
6578028
3427484
6674028
6681714
2823616
5698283
4541882
5390244
2725026
2728522
1916038
2436183
6657282
6675696
957599
6673281
6586756
6612041
5059755
5841103
6640287
2158252
3689402
5675607
6638259
6663287
6663833
6663800
6663369
6655090
6653330
6660292
5583932
5378521
2239509
5401480
1047789
1315469
2623462
6640211
