1036428
2747671
6936070
3218004
6901165
5642615
5221690
1033395
6675949
6664186
1038587
6628535
6610044
5559065
4730441
1034170
1911327
5765848
5087518
3562807
1036192
1781463
1035900
4848639
3419120
5077723
1038396
1045510
5526775
1036053
2868248
1037877
3116222
3115938
4700846
1036108
4782350
1040505
2118046
3419616
1034870
1033599
1034231
1049935
1036140
2823515
4465466
3636536
3389727
1035415
1033783
3365063
1034766
3218634
2778761
1034695
1034734
1043129
1539205
1033875
2877205
1036389
3064721
2980966
2788943
2903058
2337665
1039076
2149441
1037524
2205853
1034115
1452906
1812334
1750612
1037719
1706779
1035471
1037639
1544267
1352881
1036260
1033236
1290950
1227727
1033699
1034749
1035995
1037322
1102887
1035298
1034917
1034871
1035713
1038864
1035744
1033911
1034116
1036916
1037542
1038227
1041705
1042703
1037037
1037517
1043985
1039188
1037671
1037283
1037118
1036934
1036811
1036781
1036782
1036565
1036460
1036505
1036362
1036346
1036326
1036283
1036290
1036121
1036161
1036034
1034751
1035844
1035843
1035733
1035790
1035666
1035416
1035432
1035399
1035332
1034619
1034848
1034795
1034797
1034707
1034393
1034324
1034322
1034293
1034270
1034147
1034091
1034015
1033810
1033597
1033560
1033303
