4803229
2606601
6976303
6976303
1041519
6973484
6945356
6479852
4716557
6970050
6795533
5157475
6966441
1039858
958169
6962384
948603
6954499
6888866
6954845
5763956
3402905
5531467
4766255
6904860
6891724
6933389
6938251
3163685
2884902
949276
5715253
6937600
961422
1190680
5178954
2796426
5781944
6872215
6935882
3665890
6830705
3244220
960361
6857135
4723085
5572060
5699824
5670827
1773261
6474100
6835699
1479930
1411341
5565691
5373404
5331580
6428326
1725470
6885070
6766042
5382110
1971270
2714060
951332
5832308
2966306
6715973
5311551
5766628
5053352
4724392
5749840
2080594
6877937
5731754
6844789
6860572
6872756
6827441
6861392
1039580
1039465
6782373
5654354
5847604
6649872
6802554
6788340
3299005
1571825
2776091
6802632
1041386
5447490
6824368
6823410
5657234
5520807
5399490
5166137
3164346
5399034
6787043
1039613
5326320
1039621
6778293
1112473
5813260
6618041
6802278
6802278
5690107
1451203
6645799
5635403
5039047
6776404
6751903
5664786
948283
5529261
6744049
6442149
5603675
6494344
5393567
6426519
952786
5661871
6578997
5523497
5178844
2995125
5451729
4801139
5508868
4795866
6697948
2253048
1102208
1742680
1287710
4722065
5569455
1041385
5404150
5876916
6473463
1451933
6696014
4721834
5639509
5708663
3267296
6674028
5698283
5390244
6657282
6673281
6612041
5841103
2158252
3689402
6663800
6663369
6653330
1315469
6641922
6522461
5837614
5498946
4765897
1041593
1186816
2584532
6530863
6598809
3110112
6506923
6597879
6449178
4710253
5627437
6572821
6571677
6551522
6433923
1039131
6548568
5842383
5846574
5879126
6480618
6553783
5547478
3394733
5759143
2063500
5385492
3327833
6488213
6488213
6528171
4703708
6448572
5436196
3183027
3312044
1463169
3299371
2718701
6501348
4611780
6461945
6476295
1381638
6473725
6474900
6472297
5281428
6456956
2049055
6458949
6452462
1043187
1039512
6428087
6427587
6425494
4827299
3261067
4725917
2833721
6409832
6402359
1938065
5890430
5904746
953598
5879339
952765
5886159
5867616
5582096
5880825
1040449
5877756
5579885
5817106
5853365
3012348
5855224
5583757
1039825
2741378
5834122
2748990
1039982
5478172
5835614
5760382
3258771
5471551
960464
2971030
2762134
5426085
5426085
5809472
952151
5427539
5038152
2947483
5787992
950565
1339111
5091326
2962999
5768557
4778749
5748061
5748588
1041060
3231854
955191
5726199
5669252
5514836
2943838
5724056
948299
5715297
5713148
5706388
3021977
1276072
5530748
4453754
2998363
5662914
5690157
1997696
5679256
5682727
1980929
5672836
5538405
5662913
5661143
5239474
5643442
5648981
953893
5650915
5645576
5304388
5642339
5628453
5147398
2214351
5554897
5594367
5327183
5611932
946588
947020
5552312
2981584
946959
5576861
5568361
5563114
5181839
1039511
946921
5213163
1039614
1141878
5204188
5550764
5075540
5548699
5280587
5371505
4770350
5529714
5493758
5517481
946098
5510097
3588825
3201394
5503612
951481
5493666
5446389
5485229
1043768
3249741
5481096
5481155
1039945
5063151
5460643
5412184
5287363
2709514
3121924
3340767
3112340
5386882
5268134
2736180
5419466
5412342
5402538
5408137
3627563
2926797
1042980
5291117
5391731
1044013
3616278
2157330
5246912
5357483
5366707
5214114
4857163
5361973
3098276
5352430
5357793
5357607
5213847
5337188
1040424
5122841
4722459
1040292
947912
5324416
5279858
5259063
5329945
5324314
5323061
2318422
1040345
4474522
2205349
3086608
2432107
2751124
949416
4805164
5139639
3643244
5266588
5264067
5265055
5251082
3672971
5249984
5218082
2088461
5156867
3030748
2349612
5230315
4711632
5202857
5204131
5185792
5127707
5151821
5156498
5141915
949162
5113775
5119525
2697213
5032814
5115036
5111770
5077395
5101869
5103369
5102890
3345144
5075534
5069058
2211364
2582767
3589747
1665075
5000179
1039965
2193977
955172
2710522
2912547
953391
2410805
952181
1545860
4844787
3617927
4612402
951895
4463183
4798573
4480400
974828
4752960
948034
4752523
4483994
4656825
4507765
4619504
4614304
4614304
2168765
2797392
2504579
4538405
4541363
4552030
4472379
3658759
3689952
4483141
4477145
3634002
4434379
4406869
3682463
3638659
2904100
3665353
1039692
