6976680
6977105
1310299
6974027
6969040
6953131
6968562
6972976
6854188
5899140
6470405
5564413
6927338
6961545
6955251
6941371
6960454
6709735
6955362
6964930
6960167
6938652
6943941
6954284
6962110
6956929
5797019
6951459
1170557
5559772
1213997
5759910
6914822
1106658
6916562
6933427
3051607
6904824
6746793
6946949
3382252
6944659
6949784
4499228
6948959
6909369
6906203
6883149
5482236
6915809
6936758
6928167
6924140
6833303
6897242
6938696
6927135
6910004
6886069
6923987
6930332
6911340
6917997
1091417
3671395
6915712
6927384
6878822
1151373
6904408
6905884
6913701
3225473
6904038
6914322
6871128
6868951
1257816
1330092
6900642
6913993
2618466
6909716
6858318
6906187
1394280
5550619
6844413
6882406
6861454
1372643
6891323
5641217
5400106
6895502
1151932
5808938
1322826
6848183
6665612
6804045
5502827
6896418
6842869
6885556
6825885
6878231
6865960
6869180
6859265
6858216
6876278
6809890
6860809
6868310
6872384
2900750
6869245
6866777
6862171
6860167
4419563
1201541
2148671
6813593
6862169
6862169
6451128
2930856
6858342
6483791
2818301
6827067
1444004
2345404
6850683
6849896
6644939
3178667
1307216
3643477
6840066
6842768
6826701
6838511
6833868
6835009
6565953
5482528
6836257
6832573
6834885
6834287
6818505
6826659
6798653
5384521
6818375
6824096
3100212
1351987
2701190
2156379
6816641
6800996
6802420
6805151
6808460
6797094
6802406
6803708
6812273
6767063
3314059
6794836
6807124
2891104
3387181
6786372
6800508
6793001
6779585
6795734
6504467
6776073
5882570
6778050
3094725
2450509
1274008
1204084
6777493
1247357
6776838
6786331
3094201
5352415
3270567
3093289
2423075
3366659
6637753
6773688
6774864
6774877
6693639
6683324
6681570
6685441
6685232
6725436
5664275
6660673
6764899
5767552
6733240
1175318
6733922
6758062
6760492
1404608
6737666
6521844
5574075
6739035
6632330
2834374
1047521
6723588
6732636
6747819
6734387
5414958
5555024
6587211
1549843
1016755
6642631
5183220
6505900
6569469
2438918
2736988
6728539
6729799
6524900
4751449
6676139
6641226
6724047
6729215
6729422
1026722
6611206
6612895
3118755
2937964
6723929
6680137
2095087
6697716
6698330
6703182
6711360
5492111
1138970
6690148
3296344
6694281
1398130
6675145
6673836
5683343
2792142
6562543
3590769
5714297
6629753
6590467
6563327
6544027
6627776
6654021
2709968
5474148
2404387
2744689
5823500
5869407
6620231
5385142
1291710
6681117
5586876
6673940
1250672
6611325
6625829
6639158
6644202
6652187
6665012
6663966
6674105
2624470
6610874
2846147
1077803
2478511
2815129
6553245
6648313
5619012
3294591
6538435
2743638
6568050
6631134
6605561
6497404
2930165
6620596
6614107
6612260
1407567
6610989
6588948
6602745
6545463
6608625
5904730
6582512
6582512
6590056
2546059
6591660
1191257
5666169
6570467
6583764
6573226
3075034
6566400
6580469
6569949
2407403
6567539
3448787
5419015
6556675
6549560
6559124
6562386
6559156
6411506
6526634
6541121
6548520
1366608
6525976
1425921
5661845
2907188
6482305
6517804
6493304
6443725
6503497
6515355
5875286
6499849
6485319
3006918
6486334
2288018
6465397
6456210
5835162
2635226
6458629
6476158
6470279
3274410
6468791
6441801
6431709
3419318
6454585
6438634
2934254
5792509
2442732
6413214
6406672
5687788
6406228
2480488
5643558
1106876
3624665
2975131
6434133
6424572
3142531
5788277
5856891
1746266
6428461
2333833
3042385
1299180
3283539
6411607
6410969
5881806
6401564
3027631
3058773
6406739
6406880
5895643
2553227
6403435
6403435
2757273
5890602
5904406
5863863
5884736
4498020
5872061
5894643
5883517
5886112
2983269
5875121
5878753
5871214
5864842
5861501
3200952
5814003
5813543
3711550
5261749
3021408
5852140
5828993
5831346
5845179
5849090
5851698
5851698
5476967
5848330
5750241
3142846
5589916
5822758
5795984
5740847
5806774
5810769
5787690
5818789
5457537
5738479
5803961
5484952
2328350
5779493
5741989
5778698
5775761
2914937
5724911
5727083
5751526
5765374
5702012
5790630
5777292
1296904
5718769
5684446
5702865
5703065
3156320
5697769
5678847
5674249
2663737
1051564
5691939
5707772
3015472
5668758
5615688
5672084
5662477
5685115
5678011
5576072
3372640
3372640
