6979389
6979752
6979752
6879402
6973127
6979278
6979278
2025592
224008
1856834
6975178
6974994
1089275
5304039
6975554
6974307
6972574
6971042
6973378
5192167
3749412
4429835
5048919
1947282
6971233
5476661
4506245
2414815
6971095
1133831
6970780
6807347
6945192
6967605
6966076
6961871
6957061
6959156
5782933
6961821
6962864
1742824
6962322
3372522
1556527
6955548
6597204
6961693
6955219
6962231
1187659
6961845
6930115
1949086
3012108
2974224
974808
6950990
6959079
6946784
6927100
3757324
6950458
2615196
6949434
6891295
5823762
1027327
6954008
6954901
6953759
1307541
1355454
6631088
1107054
1091459
6920547
2460989
6827266
944736
6948753
6607137
6694403
6951796
1767026
5669406
6944958
1371615
6942658
6949940
6441179
6945303
4865854
951447
6950390
5826199
2494316
2333583
6948800
2061546
3055449
6939867
5603613
6927580
6677888
6938419
6943341
2229940
6919272
6944766
6933523
5256322
990757
6857865
6941836
6941926
6500641
6936828
3744840
6941290
1397383
5794011
1071111
6928758
6928169
6931442
6940579
6939902
6928520
6932744
6930461
6939298
6933087
2863629
6938913
6930944
6935292
1949858
6935016
5862252
6705936
3376385
5625339
6935173
5159318
3762492
6912028
6409665
983945
6409663
6909886
1378622
6930907
6930304
6924679
6924992
6675347
6899915
1737490
6795663
3563157
3178160
6920340
5700474
6869681
6902125
5386926
1173551
4473978
6838301
1387146
3014349
6912870
6925106
6922197
2107869
1541438
6915337
2561786
6913199
2518876
4854828
1507740
2742011
2640628
993375
1139899
6915749
6779554
6913039
6908025
1240983
2670115
2758630
1889704
6911760
2528832
6890230
6901544
6909486
3590585
4765670
1416865
6908991
6898422
6406585
6888841
6889364
6904345
3586214
6890705
2331675
6869494
2001165
3657557
6889509
6889265
5499519
1095742
6532565
5437917
2522500
6834667
6857384
6890030
6889000
1554173
6743656
6866697
6846506
253537
6893769
6887939
1302090
1893927
1526933
3724007
5258350
6889110
6844882
6882215
6883914
1818474
6881622
2351520
4605843
2913789
5448395
6866174
2025962
6877661
6882729
2873117
6758701
998618
5111825
6878076
6872699
1759111
5443515
5623305
6877034
2649321
6863335
6876547
6864596
1551700
6842412
5731760
5681471
1040294
6840487
6858175
6732703
1090580
6644664
3270349
6871956
6867817
2485646
6869657
6869476
234145
1625883
6856710
6629627
6862179
1066512
1538680
6844236
1787654
6843235
6856649
6716966
6856245
6855261
1613407
6817940
6854443
6833256
6631780
6852820
6846273
6831616
6852112
6839469
6838455
6840535
5683679
6796691
6839444
6844263
1968837
5068553
6825894
6810823
6820577
3003640
3230190
6839813
1319581
6836844
2711434
6732555
6832751
6829737
3651579
1866733
1793232
2169861
6818183
6826661
6714176
6825829
2070779
5090367
2673087
6799966
2877238
6825949
6732454
1316681
6820431
6731159
6822024
6817301
6818048
6811378
1679398
6760851
1342332
6818028
6812655
6812569
4823260
1036743
6815496
1074607
1267565
6805775
1896402
6797112
4438245
6807001
6666520
6801176
5854006
6720524
3300792
971365
1655160
2076337
6797687
6806742
6799174
6621067
6795599
3609991
6782022
1754140
6799175
4641487
965423
6787156
3424353
6773159
6795605
6797294
2723087
1242544
2273333
6793153
1008527
5790301
1845042
6791867
5559365
3317450
6791323
6792147
6784110
1024806
2108820
1091907
6789249
5665850
1109838
6780861
1942317
6787842
6769830
5852794
6784351
945154
6782390
6779188
6778764
5900261
2675809
6771780
5897201
6773890
6772447
6769430
6780352
6774319
6778264
6776978
216038
1399595
2500751
5850185
5590466
6769344
2507694
1203841
2168981
6765944
2427808
6772732
6652436
1762465
6769306
6768920
6763969
1605888
6762994
6503330
6764937
6765878
6767529
1113495
5884798
1153017
2913848
6765989
4488866
6763374
6752286
5893526
6541296
2851478
2757149
1931029
1774380
2808693
6756993
6757732
6762275
1948135
6744738
5446461
5862277
3721408
3435069
3651130
6755483
6718956
6759629
6757417
6757188
1867726
6757696
6756412
1858961
4418611
1916668
2992762
6756179
6751538
4529882
6745056
6733558
6744293
6755113
6754480
5745576
2115493
5426418
2159189
6752889
6751834
