6964815
6970300
6959976
6826214
6466862
3679591
6647688
1365965
1356116
5732439
6944301
2948725
2631808
6944762
3760260
6909045
6876133
5765458
1415552
5321850
6919638
6914537
6912115
1395386
6835146
1408667
5623958
2139280
4845597
5651842
6901785
5783392
6819278
2153729
3623163
5762645
6869779
6853728
6848844
6853442
6867557
1383639
6858713
6826725
2123905
2303656
6844217
1183832
6845031
1113342
1756984
2897551
2019069
6822124
6800046
6611266
218030
5344946
6810273
6769895
6793409
6777550
1338766
6816037
973695
1136111
6794680
1050703
217932
217979
2822382
6757562
1746681
6769149
6766392
6713172
6768009
1252557
6752312
6760775
2911423
6729720
6735548
217946
6660424
6675920
985473
5738717
6576829
6723489
3226874
5817736
1511781
6707261
1715325
6698908
6701492
4434691
6602040
6571838
2342248
6697993
6699132
6699940
6699940
217927
6669806
6672516
3421023
1113583
6659346
6617373
6602045
5702618
1185138
3292094
6495220
237732
217898
4601667
6562261
1037276
1029897
6638465
3323583
2850062
6616351
1153338
6638224
2065732
5387360
6524841
6602044
6604576
4440557
6563268
6404972
6531822
1113327
6588639
6584517
6567184
6567665
6484691
3185488
6539349
6526261
6541196
6439739
6526418
6495115
6406997
6496958
3744377
6451718
6464370
6445654
6457795
6404237
5899669
6416338
6418899
5088464
6416801
2653734
5878829
1788688
6418605
5897553
5872108
5902185
5895483
5059850
5890083
5896141
5896030
1521982
5859420
5788825
5876539
3411814
5837333
5839244
5841407
218008
1053942
5594308
5285821
5829127
5274135
5819342
3117813
5819824
4573969
2988872
5522542
2712535
245639
5465161
1999893
5806189
5814938
5811964
217940
5811297
5801781
5730336
5777089
934082
5763235
5763235
5790683
1948630
5715811
1255891
5784350
5783431
1788352
5765517
5772046
218036
2773600
5753950
2780422
5750876
5729155
5720640
5719083
5730810
5700136
5729726
2251213
5641234
5652547
5712130
5678193
5712649
5674891
5688152
5689090
5694546
5703546
5707729
4732148
5278015
3070440
218080
5685320
5518918
5676869
5538612
1816419
5679890
5680462
5679534
1505612
2562556
5390494
5669333
5675589
5668367
3611618
5662032
5663075
5673082
5659760
5662464
5655630
5646015
5653455
5635757
5593995
5609519
5613294
5616450
5629979
5636000
1647074
5560199
3096778
5575492
5598131
5584538
5625355
5580561
2088711
1481567
5606454
217886
5596383
5596383
5577795
5587849
2612426
3728924
5581140
1444080
2972257
1039852
5439591
3096757
5565389
1705126
1685427
5518584
5560567
5563977
5552884
5540182
3410557
3166633
3394597
3341358
3317674
3019489
4745116
5430842
5543715
5533982
5537053
5533079
5518205
5377429
1453316
2574549
5531870
5524857
5483882
5508980
5525869
5475577
5511166
3705409
3365929
4749747
217961
5294984
5457758
5424927
218063
5433442
5414236
5493579
5469203
1832594
1528312
5463255
5454280
5454280
5444462
5467069
5451841
5416387
5445001
5446383
5432649
5434204
5280490
5417639
217964
5431189
1342895
2063411
5414951
5420767
5411314
5387547
2416771
2057608
2892659
4842507
3082357
5338003
5393586
5397171
5397498
5401699
5402594
5385204
5389270
1085387
5300394
5309290
5340732
5318493
5362713
5349297
5346138
5339892
2040357
5328110
2419571
978367
2333203
3673457
5324768
1027599
5341595
5332329
2084830
5333687
5333977
5320198
4412792
5306682
3194171
3594179
5304311
2088167
5282537
5285495
5268159
5285711
5296884
5297358
2888111
1496274
5178382
5278327
2055005
2509896
5270197
2145768
5244645
5249254
5236760
2229511
1984426
5245410
3384064
5230752
5230937
5213370
5219971
5224347
3292133
2809643
5195598
3394433
5175735
5178116
5099260
5182009
5005669
2004810
1963767
4784705
5163804
1974778
5092791
4865730
1772421
1448828
4758551
2088892
3012126
4395904
5085273
5081819
3441374
5082195
2993256
3000444
2005056
2005056
2418455
3572504
1674587
2776417
5009401
4867148
5071389
5054690
4752964
2360037
5052528
1468078
3052665
2640491
2365145
2489296
2001257
3033517
3052149
4999145
4837718
2718488
2736125
4799836
4783767
4825071
4818999
1923742
1586307
3595628
2229217
2275646
4406467
4595960
4833703
218013
2402387
4750656
4819690
1662900
