6979675
6979675
6906881
6942782
224007
985298
6870968
6965256
1816770
6954675
4427341
6970457
6970457
2873134
6965938
6966060
4620844
6938862
6949540
2152890
6939449
2926548
6862077
988988
1049546
1228592
2901362
6453892
6943667
6943667
6941568
6939552
6744955
5887733
1812350
6902678
987888
6900281
1039873
1047129
6930644
6916075
6444012
6912198
4750484
2283254
2793068
6814282
5880041
4790740
6470862
4644993
6779827
2400291
1983803
6709306
989165
6901968
6883130
6725911
6890039
6902830
6890385
4772703
3161125
5117805
1199276
5594021
1051107
5671382
6882418
6891922
4624841
2855852
6860602
6892964
6890387
6461035
6874414
6890386
1044298
1047484
4418472
1027096
5406848
1611131
3091494
5091861
1602837
1914597
4400733
6887329
5195111
994467
3697323
6837830
6790844
6767141
6876129
6877601
4439830
1323497
5564103
6867433
3247507
5184167
6860190
6859283
6859374
6808290
4445741
5999151
6795119
6836347
6802860
6786831
993510
6847201
6811511
1952571
6759032
6780300
6762754
6849001
6849511
6829397
6748382
6821784
6755432
5853640
5688888
1035264
6825356
1564526
6833689
6517684
6555883
6708372
3136096
3647951
6524976
6760879
6743221
1809341
6556482
2305381
6573751
2126617
6772691
6787610
5209490
6789005
5813428
4450094
6596781
6709157
5073920
1585514
4422528
5410254
1570503
4535192
2502439
6769030
1043185
6765557
2282443
5748346
1872526
6742629
2236705
6734376
2964941
6741293
1027907
6745585
6682781
1037456
1514434
3332047
2254387
6656815
2031381
1873672
6729201
6730604
988926
6722673
6705419
6704952
6647935
2131646
2269250
3003349
5789071
5712456
6688590
4649451
6654961
5490294
6684460
2203019
6578459
1149881
6661163
6696042
5853783
3696781
4711680
1044679
959079
6670101
5451971
4434112
2824411
6547206
3717065
3306780
6670564
1761466
5297762
6663482
1954053
6496107
1161777
6639721
6635477
6627009
6639337
1037852
6630701
6614162
6658099
4743435
989360
6647945
6647945
6612909
1040871
2600121
5549094
6600468
2742325
2205440
3259004
6508574
3214750
6574160
2586997
6577117
2632118
2097953
4708400
4720893
2480734
4548351
3105002
1820920
6584016
3744280
2705723
4513622
6578481
2042900
6578484
1867196
6580398
1465923
6540889
6496874
2069839
2069839
5707929
6504157
1758175
6450984
6513631
6552122
6549292
6505415
5653148
5259567
3252921
3691141
6537831
6488070
6507520
6529348
3425481
4576658
4576324
6440155
6452180
6498756
6502847
6493554
6495744
5249072
3165537
4604097
5100567
6489107
5526621
6428386
6479722
1002928
1134544
5416200
5852203
5846297
3112976
5882715
6437207
1858489
5792559
3115455
5849120
4580334
5595592
4841411
5878133
5061255
6400133
6214537
5889193
3152760
5871835
5721058
5878333
5866184
3721663
5862215
5866961
5864018
5769103
5861727
2354355
5836637
2653835
5860007
5842003
5847590
5836039
5845698
5828995
988137
5395460
5772130
5764193
5248919
2117424
2527286
5814388
3080992
4823089
5820672
2378585
5813069
5221864
4533179
5769495
5751912
5706185
5776263
5761358
5724489
5800818
5778899
5785124
4557209
1044324
1048737
5800346
1030737
2344584
2228066
5727374
5744846
5755735
5738994
1900181
5652458
2783001
4636636
5537239
5735326
5645007
1047388
5168548
2185745
5000652
1032939
5644603
5212937
4773706
5700106
5678677
5570843
5586174
5661992
5603194
5627097
2442577
5671334
5652388
5652694
2367509
1035982
2424340
5663468
5607140
5422700
5639489
5647608
5650158
5604496
5412411
1673922
2844510
1849930
2982943
5623986
1561180
5557284
5540346
5568501
5599080
5320738
5440990
5585305
5576702
5587780
5585110
5377418
2883676
1035224
5458966
2378173
2173745
5547147
5548664
5533909
5457845
1632978
1109039
5508285
1541496
5504104
5110051
2294397
5406706
2989292
3148861
1033153
5454271
3011932
2498645
5478772
5493904
5453798
5134752
5156274
5366859
1017185
5331901
5451813
5403023
5319784
5310621
5373646
3235471
5460430
5448380
3101206
5438585
5407402
5422318
5325963
5394907
3332718
985286
1040392
1040180
2685068
994450
