3386106
2115284
3569193
6979725
6979725
1172777
6955408
6413360
3158336
3370398
1113287
6972990
2684278
6977790
1757671
6961264
5064575
2978631
6977941
1104066
6974783
6977566
210713
6432255
6975116
2205758
1027813
3340327
5885163
1449501
2608149
6978004
6978004
1210103
1318389
5139835
3066916
5716049
4999124
2609313
1112349
6976708
6976708
2777025
1995468
1747947
6974944
1859201
6975395
6975776
6975776
6966372
6879981
6901049
6974545
5407549
1175397
6475093
6974784
6973189
6974340
6971885
2101019
6948936
1100092
248535
3043502
6971138
1257897
6669878
6953045
1256592
6973105
6973844
6973844
6973164
6971782
2467774
6972855
6854693
6412641
1080964
6964323
6971025
1179531
1996729
6971430
1084392
2107859
2516252
6940170
6948849
6969530
6957440
6956277
6955318
6964197
6956917
6959100
6971457
6971320
6971320
1164940
6855883
1058600
6970880
1327210
1468360
6958222
6935334
2926390
6880125
6967942
6969577
6611866
6966764
2908474
6964801
6964210
5079599
5155127
218432
218531
6961260
5036423
6964478
6967355
6966737
6966737
6964681
220782
6964096
6831848
6953375
3296776
3054702
2894742
1231720
6541600
5572612
6496623
6950917
2835638
6901159
6964437
6872922
1090094
6963574
5344356
5817371
5237637
6619287
1773231
6959241
6963113
6960326
6959398
6691884
6963025
6961161
6954688
6962401
6955365
6941737
6930277
6941476
6951109
2984387
6961469
6960828
6962118
1342146
2950454
6959979
6960958
2589080
3042157
2739698
2943322
6959895
1754052
2020730
6955376
3032300
2919040
2902879
2914885
3047423
2602766
6956428
2918814
5460481
2986604
2363514
5239899
3380508
1415177
2622161
5175998
6946181
2547087
6916193
6952529
6957260
6957657
5839958
6954584
2718951
3259164
1086700
2675442
2889070
6833855
6415332
5055307
2900383
6814694
6947848
6950494
6534656
6955500
6565732
2926576
2494530
1251296
2778031
1055864
1774320
4643051
6935395
2988151
2976276
6951944
6951012
2902925
1264733
1455994
1091186
6946348
220795
1090734
2740557
6455789
6952266
1412732
4847147
6867103
1162929
1211363
6951207
6947515
5331755
6944549
1343455
5748237
6944814
6848733
5754041
3393078
5173030
6948134
2233833
2677887
6949910
1857337
2675222
6949959
6928433
6943422
1215668
1829952
1149078
1050295
2777613
6938921
6939100
6922024
6939407
6931364
6938034
1136217
2981997
937639
1038235
2624155
6947915
6942296
6946419
3676340
2623433
3447272
229888
6420794
6940539
6946253
3052722
5399380
6909296
2237988
2887159
6555803
6939445
6946053
6946539
235075
1165594
2796977
4768529
1814579
220847
6944889
6939821
5155625
247673
5423571
6629202
1156258
210742
1322463
3364423
1185356
6941135
6776977
6942736
5156578
6935932
6929686
6923658
6934546
6941089
223735
6832929
6941438
6941438
6927359
6940084
1176717
988210
2743572
6925279
2846193
6737261
4761009
6930052
6894275
6920428
220711
6935861
5786395
4565981
210206
6935921
6938294
6936852
6927175
6920735
3227742
6931884
6935159
5780064
6641406
1768590
6406485
2565837
6933804
1182774
6932989
5769783
6935197
6590257
6816165
1149500
6925208
6925788
6524912
2692298
6925475
6925232
6920990
6855687
1199242
6924329
1202251
6928411
1925053
6931289
6932226
6921854
1684744
6920459
5844946
1451923
6926879
5280765
5378812
4437888
3429667
1572284
6888815
6913088
1374308
5562373
6930320
2333378
6863969
6927861
6912738
4475061
6908924
6434315
1355784
2086229
2338376
2325374
6821930
1283855
6924843
6918101
3364965
6896871
6924721
2568525
6918087
6924581
1440609
6901717
6917372
2301593
3097353
1141953
6813521
6773238
2404868
6884544
6919901
6922808
6882765
2849155
6922010
6917100
6453445
6458911
6910695
6921635
1677975
2541971
1551216
2848924
1179494
6915056
2214944
6629900
3427261
6919593
6915390
1520400
6917911
1837339
2872215
5424332
6917993
3301249
6909646
6914793
6917285
6915371
1148935
6513404
6407406
6916701
1094419
6909284
6909480
1200562
6912437
1059425
6587964
6723518
1584127
6913219
1182124
6902141
6908720
6914885
6665880
2586689
232307
5281736
6914101
1337540
6837500
257051
3373658
6696775
5201754
1218038
2170515
5437732
6881531
1364155
2331719
6814582
1223189
5151888
6909277
6847719
6815839
218429
