5816406
6955332
6960312
1067314
6947823
2134159
6589347
1067064
6934066
6934066
1125508
6899987
5820055
1255173
2772541
6909015
6909015
1063800
2187352
5602156
1603009
1097847
6726973
6815248
6804039
2426142
4612018
5514207
1602652
6686526
6563792
4699873
6659507
6590792
1559712
6667433
1067601
2939870
2155410
2889474
1065159
5755277
5253485
1312660
6607768
1070298
1061560
1069566
6526918
5359525
6598656
6403644
6583600
6563140
6556993
6559050
5740509
6549785
6540798
6522118
6535799
6523207
6518357
2522789
6478661
5279827
6481123
6460132
5868397
5852544
4580585
6399109
5870838
5879039
5856263
5846554
1067756
5845747
3153743
2978235
5797086
4779488
2732494
5833982
5808256
5795855
5759823
5775420
5754634
2272935
5713904
5711047
1104277
5699939
5690074
5674727
5676649
5635887
5654849
5634136
5546759
5587880
5585344
1078608
1067186
5448031
2556303
5423946
5424800
3004190
4797396
5340485
1077482
1069205
5254150
1074843
5240360
5191361
4467407
5211126
2249785
1063004
5189089
5159967
3618607
5142715
5135172
1602646
5100453
2125347
1068537
1069888
1072579
1066837
4663311
2728778
1071761
4630264
3082730
4517965
4531381
1074493
1067023
4453964
2179193
1437304
1100897
3606829
3729420
3711328
3272855
3598007
1071023
3359885
3362850
1069850
3272685
2291803
2892833
1061229
1062405
2942856
3150280
3251453
2560684
3086507
2590045
3287279
1066350
1067530
3227572
3016716
2883776
2370955
1065946
1607890
1105812
2543739
2985975
2980266
2850293
2781558
1004460
2739785
2560140
2549926
2509421
2422471
2418996
2414542
1591665
2226404
2290831
1070510
2203630
2177908
1065942
1066067
2099000
1071885
1450475
2173113
2119706
1703877
2061645
2132092
2129651
2124590
2122371
2117641
2115416
2100702
2027895
2011072
1967498
1061730
1105904
1511159
1623859
1064115
1105459
1079320
1371867
1448368
1503735
1501430
1368385
1219954
1428711
1062559
1071263
1103970
1062769
1304975
1198767
1207181
1197941
1066651
1110477
1075205
1083812
1072779
1068559
1064874
1074432
1073808
1067558
1066922
1071040
1069654
1067622
1065034
1069349
1068938
1068933
1068812
1068624
1068493
1068464
1068422
1068356
1068384
1068374
1067726
1067399
1067415
1067206
1067083
1066373
1065530
1064395
1062702
1064206
1064212
1062734
1062277
1062102
1061860
1061660
1061524
1061240
1061398
1046773
1044520
