1864286
6978826
51155
953663
5739307
6975184
5721991
50352
6974990
5394955
50489
1657773
6966275
6961556
1602990
6976164
6968149
937252
50917
6970017
5841578
4519857
50751
51379
4560954
6664775
2539372
236159
50784
4830195
208449
3046023
1115224
1783908
6908315
50718
50733
6974186
6974186
5765425
6972735
6962607
6967612
6970514
4856741
6928864
6972892
6972892
6964546
6972397
2218172
4467124
6806133
6950804
2613968
1767303
3580328
2740170
6905816
6959463
4998068
6945104
51467
6709462
4829332
4739771
3025422
5123351
6957879
6962244
50280
6966349
2983345
6962776
6964607
6960737
5378317
50747
6964932
937038
6962585
5638649
5212587
2583611
5711320
2263981
5181035
5498461
5449826
4788301
6961123
6962337
6962337
6954938
6843865
6961632
1058526
5715931
6807506
6960287
6524262
2781047
6957851
1604860
6954318
934634
6958057
6845063
6449134
4834171
6953371
5317694
6957929
4796733
6878644
6952397
6957172
6957413
6953245
6566976
3419483
6926089
3426303
5625701
6888006
6920265
5353052
51093
5394224
1073096
6406403
6944420
5387097
2578545
5497641
6951370
6953816
5675061
6862004
6792439
6929695
6949262
2498970
6925271
5155353
6945204
2144059
5363896
6947424
6949312
6944855
1111715
6945396
2783195
4470092
6950094
5132406
6950062
6948278
4729481
6883633
6862238
6949371
6941211
1655864
5084346
5144365
6939647
6930390
5173178
2879585
248619
6925732
6433793
949046
5202494
6912722
5392573
5198685
5235213
6942704
5724995
6859917
3424029
4646810
5096855
6907087
6944312
4809966
204780
6934644
6941787
2669337
6940275
6940699
2059345
6918792
6926431
2542842
5318482
6928890
6936582
6935962
1818176
4770216
6926287
5184059
4542756
6930508
6934566
6934009
6925930
5332730
6934895
5759734
2869723
5383655
5639582
4594360
3139081
232160
5122827
6928153
6927360
6580581
982180
5134798
5550536
6758857
6904730
6931644
6917717
6919194
6891467
6846616
6927127
6820777
4822187
5358355
6931687
6927461
6929366
6917583
5242057
6900403
6887151
6923569
2624043
6923211
6924790
6928598
6908591
6870495
4409343
5197060
5245518
6560300
51097
6805424
4844304
6924644
1111271
6925104
6925125
6925152
6925924
6817308
6920675
5699972
5356868
2682314
6908671
5827528
5751133
6910715
239056
6890475
6888070
6924765
933970
6917593
3711882
1004998
6917823
6920342
6688762
1068657
6905300
4798659
6920132
6921677
1435397
2401359
2742636
6919603
6919450
1001598
1109007
6693849
6686141
6687448
6918871
6689025
6693904
6704060
6733707
6742701
6742278
6773587
6773175
6777982
6787590
6789440
6799512
6814356
6814823
6818967
6818656
6866915
6909187
6578006
6703948
2582031
6882598
6916752
6838609
6911705
6913192
6892132
6814251
6886912
6717340
4569519
6913168
6913583
6910047
4431097
6911215
6736569
6910565
6908338
1043535
6905711
6706058
5660932
6546684
4650119
3345792
249887
5104440
6908260
6883091
4998643
6767438
4708685
5652792
6903958
6907945
6900692
6712007
6744279
6836458
6904179
6904628
6906338
6901105
6867005
5883460
2925652
1691683
2536677
204729
6904351
6768564
6654271
6588415
5767601
5762258
3281712
3281712
5819012
1074446
6904584
6893634
4570509
6895587
6901800
2569676
1932508
6488119
6891655
1191248
4843226
6897253
6646109
5284212
6888825
6895593
6894272
4790276
2116974
208626
6818563
6834556
1108624
6893163
6893512
6881466
5534545
6880468
6882070
6890697
5835809
6797703
6890306
6885245
6807008
6886047
6885251
6889518
6883994
6889728
5464405
238116
6887994
6887926
6886709
5241991
6886513
6596487
5378179
5408836
5628317
6874226
5802445
2549440
4597462
6879636
1672308
5516537
6883426
6883631
5217904
6876827
1827286
6708074
205652
3754466
6881952
6881325
6874227
6881596
6881640
4831254
6880784
6878894
6879766
6802693
4760663
6879594
6600475
6877322
6874082
6870007
2912158
5847280
6878374
2659603
6870339
1043107
6872772
6731841
6876211
3755229
5870942
6866977
6875406
6871509
6870127
6853742
6616288
6870236
2797522
6782984
1051221
6866750
6861077
6611757
6551384
4431227
3579986
6717096
6421596
4451057
5442954
1959913
6856380
6867375
4835463
5549101
5844655
6860911
2154040
1710859
