5476113
3026451
6979016
6979016
1178377
6969058
1890453
2143078
965261
6973832
2207187
6976379
5196336
1851906
4468920
6826136
1627036
5659790
6963220
5106756
6961372
5316899
6965420
2933941
2932953
6963739
2204146
6965481
6948414
6963499
6961024
6905087
2977459
2992706
6890554
6954703
6931405
4708544
5154872
6952375
2890647
5758414
6923941
5787537
978534
955196
956274
956095
2672855
243158
5650232
961532
5120253
962725
6941630
4428678
972733
6710214
6877059
6857933
6924122
962443
2284929
964609
2996582
969987
2632251
4431744
4518600
6584888
2569838
3725765
3209948
3680658
6919058
4422576
5850592
1389398
5673018
4705965
5371473
2647501
6899244
4566348
6907044
1494684
6467244
6569962
5630116
962237
5439218
4411322
6887449
5437341
958474
2515527
4547728
3582840
6854907
6612567
6852504
1713273
6849216
964439
4833402
6776591
5427660
6846960
4846164
5265726
6849047
1216855
6789945
6837177
6806801
6825718
6824633
2270159
5861915
6686667
4711586
955569
1852999
6719901
6793924
5114814
2732977
6717112
6801767
6742676
1574364
6638254
6796889
6795868
6792554
6741201
2967443
6741391
5504241
2202818
6765674
3299535
6453598
6759905
6763545
6710309
1967567
6561161
5096782
5645161
5826757
4736624
5164384
5377879
6541946
6740101
2865450
2729450
3753397
6635590
6739972
4796567
6734154
6734956
2857068
2510884
3727572
6727589
6446933
5804204
6665055
2867515
1490377
6719871
5705643
1920375
2063573
6630758
6662563
1930388
3703789
6702500
6678205
6677145
6596683
2645220
6688074
1353898
963533
3565496
2408700
2490732
6646312
6675342
6664788
5071364
5131958
2110857
6672041
5068237
247570
1467411
5059989
6516682
6469101
6559056
6616584
6645377
3658173
6646313
5333821
2954722
6646918
6641230
2391025
2152577
6637277
1410827
1176708
6560871
6617512
4591326
5481692
2478808
6581420
3311938
4595633
3615805
6621670
6572265
6613558
5817948
5216393
6619414
6619531
6615220
6610354
6605389
2996445
6611871
6486101
6598949
6469301
2035395
6605094
5057784
3076431
6603467
3316741
1324094
6596343
6596351
4835868
6561768
2963727
6573836
6523781
5704562
4809327
6566183
1305044
6556801
6423305
5058044
6543259
6525851
6535435
6528286
6530841
6469567
6532644
6522960
5880558
5392799
5846738
6405603
6514392
6505098
5201282
5694474
6502867
2418212
6489553
6428891
3391520
6469557
5368907
6461274
2595702
6448201
5854164
6440413
4666590
243739
6437120
6434445
6433822
6423233
4421773
6421239
6424072
6425080
6422131
5204441
6421028
3238995
6416771
4415606
2250030
6403536
5891979
5897965
5738018
5879816
2312420
2997123
5850460
5864135
4739184
5889717
5881500
5888657
5878248
5881496
4728070
5871294
5876406
5861436
5878001
959645
5871944
5867979
5797573
3740278
5828664
4816663
4721212
962580
1182123
4661061
5254710
5850626
5137335
5656366
1225068
2414069
5194391
5840365
2047483
1876442
2252133
5205643
4791204
5823154
4820211
5248655
5824657
5771983
5778825
5819032
4816171
5814257
5729755
5785099
5803847
5810566
5206488
5770123
5466524
5808029
1857027
5794365
5219469
5338314
5764010
5107484
5601343
5791944
3174845
5781999
5772473
5779460
5636674
1171762
4445771
5695322
5770139
5765534
5770767
3172826
4846604
5663938
5752861
5041950
4771999
5750972
5748921
4580141
5688978
5728684
1946396
5722776
5722835
5204725
2480522
5135959
5635143
5600449
955530
2754903
5696154
5699234
5470391
5690362
5325580
1081645
5162045
5632692
5671806
5664137
3089557
5657710
5668883
5662511
5659465
5657145
5653545
5324150
4439784
5649041
4723202
5635416
5648723
5637431
5601940
2432021
5145294
5635370
5632926
5585725
4467271
5629162
958635
5467099
5617239
5621790
5465175
5493722
5594804
5609984
5443624
5572444
2591456
5580558
5415659
5577179
5565176
5567125
5541093
5540353
4540523
1952515
5225903
5546970
5544725
5524588
5069242
5537647
5540090
5537323
2059946
958611
5477842
5524303
4770470
5506331
4768674
954250
5486146
5492412
1940578
5483135
2965681
3668373
5459452
3274877
5471053
5468871
1811901
5433056
5463498
4598059
5458880
5448352
4663975
2375068
5447400
5440768
5440832
5439650
5432366
