6889671
6979421
6979011
2632929
3055822
5180775
6441737
2727635
1871940
6972756
1228699
2667922
3572296
6957279
6977605
6974147
6594952
6974168
5799443
6856271
6975308
6969089
6808765
6974532
2223318
6974312
6881656
6973892
6963545
6965840
1856561
951471
6968106
5753209
6970018
6785201
6969330
4513293
6968388
6961869
6963600
6747323
1371006
2879973
5245667
4850861
2141238
2341469
2285182
2554978
2457038
2342242
2555449
2342941
4774108
2986788
6960511
2985889
2905105
2926197
3675867
2756708
6949398
6949412
6945393
6949037
6544936
6952431
1535519
6950764
6944127
6509551
6518472
4718623
2419891
6949358
5145168
5423685
5143718
6943584
1882982
1686413
964190
6745340
4414939
1325266
2806131
6948124
6945724
6862630
2478605
2625487
6945314
5707008
6937966
2640255
6628463
2291317
989078
6939466
5686470
6931730
959536
3266274
6940467
217420
6930943
4641809
3189363
6671045
6937604
6933007
6937455
3721612
6937028
6934617
6933691
6936155
5468745
6930202
6923509
6916178
6921666
1952900
6929767
4996181
2913124
6928892
6928886
6664176
6924090
6927089
6922344
6893904
5835685
6918748
6907297
2187125
5199144
6909143
1112052
2594939
6912337
5139019
5639330
1298665
6913405
6915071
2782191
5476135
6916184
6629237
4724495
6906034
6887187
6906985
6913167
6911390
217506
5799504
1196340
6483974
1187787
6910673
6902285
6820457
6901097
6902453
3660820
6904378
6888623
938275
2834656
6903819
6900968
4667434
3670189
6901453
6631935
6899537
6897870
6892128
6890137
1074155
6897498
6895001
2060571
6891531
6896413
6889994
6895486
6867771
5198389
6844108
6783221
6638106
6871529
6874344
6861313
1733059
6851430
6849365
6737935
4854434
5895019
6879761
6552512
2155600
2438689
6879878
1255200
6880416
5679867
1979427
5755928
6437492
5390147
4511775
6875350
2807082
6870846
6877408
5769025
3569720
3348157
6869523
3615757
6867622
6873657
5395339
6805576
6867754
6872305
5652135
6583501
2639210
5766623
6871024
2480439
1020767
6473750
5815965
6869484
6840212
6858082
6862503
6869509
1380062
6849861
6861351
6867924
6864195
6865668
5232283
3331331
6855173
6853949
6859473
5081650
6847594
6788950
2393215
6853558
6773374
5778420
2806335
1561789
2183629
2537948
6840520
6848605
1973075
6844942
6843205
6847582
6846644
6846644
6846020
6830112
6833521
6586975
6837783
5153024
6836872
6837628
1910889
6827664
6840117
4447901
6800648
2127642
5766302
6594983
1712911
6832619
6403962
4704217
6834899
6835650
6716581
6835414
6834846
5304738
5647534
6817187
6829317
6723161
5476275
2927498
6832755
6573107
5159355
6824794
6753153
6808444
6809849
6810258
6816304
6809452
6821691
5514178
1812266
5628277
6814529
1143846
5898578
2891354
6809667
1086398
5781093
6804357
3630382
2666645
6817200
6551815
2453223
3347276
6798526
3147997
6778042
6807882
6720369
6806735
6808306
6784303
6803820
5849965
6127763
5863441
1086390
2434171
6799149
6764647
6797450
4590102
1188075
4776607
4822541
6802487
6803056
6796890
6574521
6751126
6792788
3253924
4645736
6796565
6799938
6764558
6794566
6568893
6791507
6788598
6795840
217546
6789129
6790477
6790770
6787084
6788190
6467257
6526174
6699122
5891536
6461561
6630405
6791862
6748240
6769974
5404387
6790098
1111454
6789663
6785417
6789363
2731861
6788521
6450104
5572338
6630741
6784335
6786705
6676384
6786696
6785843
6781330
6782781
6688977
1163237
6782327
6771987
6776441
6772612
6779634
6732306
6764665
2330178
6751403
1709867
6767474
6559923
1645721
5691062
2426333
6768088
6777097
6770561
6775049
2122001
6772255
6772456
5294765
5502272
6744441
6771629
6757012
6757066
6767575
6756921
6766734
3369287
6728892
6763485
6762698
5805033
1473186
6756125
2198521
6758210
6755131
3638394
6759706
6757014
5621788
6732983
2874248
5778321
6755508
5650860
5876304
6754217
6618813
2877547
6729179
1798162
3675969
1025179
6754173
6752225
6751052
1654368
6750535
6749357
6746716
2476140
6747289
2052687
2536548
1095670
3632622
1580487
5878634
6494271
5613256
1569735
4529285
6735857
5501366
6741207
6736014
2708627
6501633
6739430
1791467
6738428
6741992
6742807
6744091
6743432
6743269
1736882
