1851318
990736
6978653
6551720
6978170
6976304
2498357
6977161
6977161
6974218
6964773
5785672
6968913
6965854
4466273
2878461
6927119
5601367
5863233
6677933
6960537
6687427
6811998
6947593
6962702
3117529
2953952
6950993
5651038
969374
6956487
6955833
6955134
5176081
3005439
6954139
2403597
6942074
966332
1855265
6948238
2177512
2668371
6848779
6923398
1116966
6948155
6943519
2356230
6946274
2623788
3269266
6935367
6933703
6939563
6910634
6925355
6930569
6924999
6919409
3744790
6920465
1108639
6919623
1135500
4476774
5160350
2401697
6907207
4803543
6900903
6904777
6899391
1114469
6893609
6900001
6892151
4868665
6897983
6898226
6877354
4472795
1111896
6764273
6889947
6873138
6892928
6882508
3265209
6882248
6890186
6878734
1208809
5611951
6888250
1109505
6882662
6881302
6617568
1784800
6867157
6876113
6874018
6858244
6829405
6864080
2227158
6868314
6856005
6856034
6600367
6864309
218737
6857231
1114701
3070783
6859112
6852809
5335557
6857098
6853703
6762045
6853712
6817262
6855460
6854850
6818798
5641771
6832912
5734415
6849234
6601353
6847262
6835514
3347238
6834463
1171298
1117471
6829067
6838580
6555133
1391601
6834928
6826412
6834151
3595327
6831595
6820964
3098815
4737136
6823595
6798686
6823372
6735937
1112944
6811685
6811131
6787065
6805190
6805165
6795101
6804922
6805742
6805742
3610733
6803526
2016019
4399232
6716471
6791370
6794819
1141251
6779385
6777143
1755288
6782018
6786777
218828
6726252
4598285
6762506
5271916
3319614
6778786
6561697
6773231
5822649
6776413
5656429
6771357
1296674
6770978
6758325
5445985
4413225
6749282
6763208
6763230
6762938
6741416
3730953
6758383
6757190
4527945
6753696
6751942
6748097
6739345
3266518
1753046
6742756
3616909
6735362
2338856
6741500
3116808
6724694
6732406
5833393
2812829
6724409
6723204
6722575
6685469
6584615
3263874
6716781
6689134
6711630
4452278
2219979
6709533
6706976
6503175
6694950
6699183
1251884
6704224
6703823
6696771
5889776
1759751
6698585
6663450
6694491
6687191
6587381
4725993
6685444
1065020
6682478
6686134
4576217
4547164
6681912
3678358
6676665
6678372
6676360
6623857
4572884
6669622
6666884
6666557
3609269
3355934
6668956
5777085
3593081
6666489
6665509
6659289
6646167
6651856
4556847
3056048
6658640
4447685
6656418
6652044
6642244
6639314
6648009
6641285
6626077
989711
6470869
6626031
1965790
2312095
2000521
1621584
6636301
5651132
6636291
1173739
6630611
4796477
6547131
5590652
6629814
6413505
6615779
6625439
6611863
5770092
5548500
6620323
4618613
4459665
6603394
6555799
6612351
6597119
2310869
6423148
6596879
6568033
6563048
6552977
6579023
6556311
6598890
6596377
6594113
2261026
6587685
6572035
6571176
5170311
5901708
6567100
6567012
6563212
2278638
2609380
6555132
6492634
6552441
2333745
6540320
6544016
6537147
3314225
4848202
2483204
6535072
6513203
6476530
3662077
5886262
6527553
6527365
6522238
6511210
6497981
3643254
6515893
6432157
5513686
6509299
5648093
6435228
6495053
5876678
2124621
6462542
6497265
4637104
5456420
6484579
6479507
6475656
1133186
218766
6465305
2679522
6457002
5847741
6467439
1141697
6433460
5314820
6461687
5653661
5653661
6452894
6454497
6439111
6440140
6444275
6417511
3311032
2355965
5753606
5083744
5808749
6419368
6421764
5871373
6424855
2461322
6419563
6418933
6419381
6413843
6415829
6414960
6413090
6414625
6408250
6413879
6407677
6402691
6405370
6404302
5685181
6285457
5906131
5892424
5996890
5883907
5895316
5895454
5887989
2125767
5882095
218773
5884147
2281690
1127585
5881241
5873739
5880595
5880321
5834429
5859905
5162635
5856546
5847937
5871088
5868833
5831744
5871070
5432391
5280813
5865585
5861402
4559860
5858723
5855358
5854811
5853885
5853729
5854270
5850272
5736717
4700533
5840490
5849937
5728385
5846201
5845470
5839681
5837930
5842922
1689377
5839993
4531183
5734414
5838242
5837051
5834564
5835178
5834109
5834279
5834609
4706616
5828460
5815089
5829377
5825792
5825463
5822583
5819336
5821016
5820312
1940317
5081122
5819534
5818332
5817100
5818085
5816478
5816351
2811797
5785577
5572107
5806350
5732124
5803417
5769246
5795493
