6979483
976981
245025
6944585
6978774
6887563
6977217
6972721
2957645
2093963
5225364
4485602
6975124
246825
6969631
6953707
246331
3594035
6736297
6895846
6925658
6974208
1146531
2945865
2908771
5163568
1361346
6771372
5083739
1362830
6963794
1023596
1361649
6910786
6964401
1361988
6965007
6964018
5502072
6963569
6962836
6960966
1283511
6957894
5765680
6405167
1736892
6867604
6959592
4847219
5121203
5590974
6610074
6959950
6959950
6945903
6957340
6772795
6772795
6956440
3030812
6952241
6955181
6953421
6953873
2250655
6953673
3103678
6948885
6953335
6953335
5713678
4732061
1053729
6948855
6945374
6949730
5125053
5121157
1353825
2796035
4745414
6890072
6946590
6946617
5363398
6614410
6460283
2641156
1429105
1363288
2737769
6935844
6693376
1792218
1807654
6521786
3193769
1269101
3578361
254211
6935449
1688769
1739531
1336096
5403746
5496457
6906995
6928969
6936786
6934882
4745765
6934107
5397923
1321017
6734950
1505804
6930103
6928802
6930885
4537351
1981203
2637868
2013214
2094462
4802636
6928706
6926817
6928267
6927369
6909005
5196578
5548047
6649759
6925813
1202598
6921855
969686
5702133
3226666
2055041
5503098
6724921
6911373
6888496
6546122
4802319
6912466
4744122
1260313
1519695
6639797
5242276
6915303
6918112
6906861
6862817
6896585
4630081
6909885
3063479
6423689
6885967
6672556
1364265
2904171
6656352
6502234
6838696
958252
2623452
2714954
252775
983005
6873054
4710529
6732815
4826730
2184476
1151911
4399790
6897462
6692578
6890627
6893962
6740221
967440
955232
5162825
6888592
1332730
6815683
210622
6894422
1158906
5220825
6888997
3276752
6869277
4507963
5689689
6857734
6882371
2657233
6876814
4493132
1594483
6871149
6876856
5827421
6694956
1363151
1003563
2589470
6868964
1402679
6862321
6789094
6832255
6858569
3297886
4717738
1216778
6780257
6650016
1322039
6858758
5792187
6858741
6866096
993425
6869995
4711733
5315214
6522384
6718526
2568772
4551926
4556919
6855657
1080812
6578040
6856859
6839074
6855509
6847172
3238873
6850883
6851088
6848436
1213297
6824423
6844474
6842456
6842663
3126381
6838936
4765595
4765595
6838487
1332728
5661916
6837575
6837276
5896924
3703626
3246017
6838133
6621137
6540205
6835451
6834428
6438950
2757987
6457690
6831849
6833664
6830227
6824064
6798056
6829474
5556571
6465121
1054816
6818941
6825139
5324451
6816264
6820524
6795294
6800997
6818815
6812371
1452512
6799718
1169031
6806755
6807559
3221501
4709307
2596933
1361063
5173044
5439379
1165943
6681147
6795509
6796265
5180330
6796200
5813919
6712589
1162890
6620541
6790731
6784810
6768918
6768918
6792319
210615
6775504
6663298
2959486
6783622
6783831
6785104
6759053
6784449
1807345
1481720
6782132
6781740
6776064
6776533
5877881
5597712
5597712
6771768
6764696
6769652
243832
5875612
2909812
5423193
4573456
1139817
6744084
1810858
6751245
6529362
6763487
6761162
5768788
6737753
2958693
6724391
6659827
5500490
6751020
6753284
6753868
6751689
4480432
1310405
2986389
5469570
6721791
6721791
6740582
6748608
6744340
2211677
6742292
6743218
2239886
5727036
5273411
5073997
3746604
3189471
6605827
1236427
2908937
6460513
6692856
5201136
5404344
2883516
6640166
5508052
6735518
6726027
6733349
6733349
6733158
6731836
6729930
6726272
6725608
6719399
5669210
5420821
5373317
6718602
6725254
6656694
6723041
1280807
6659192
5335825
6724011
6719385
2438214
6574471
6717171
6721249
6722795
3231313
6456782
6688531
6634602
1503026
5821908
6715718
4665900
5637979
6713992
6711238
1046132
6687812
6696333
3448721
5734819
4656146
6496064
6704204
6701113
5385979
5393414
1136621
6694917
2408099
6691784
5746693
6694316
6687205
6689411
6689411
6618476
6654477
1510254
1288427
3436909
5556296
2349244
6688316
2810136
6408625
6684353
5506933
6656426
6671617
6654936
6671517
6660612
6230123
5148921
5148921
6669866
2943551
226550
2972029
1092111
2544712
1362469
3400839
1236836
6662420
1675380
1434114
6660571
4578495
3215605
1210645
6654163
6650399
5213672
6639535
6653674
6652553
4526715
6632552
3561131
3561131
2760062
2341610
2822826
6650723
1065068
6631336
6649350
2852166
6647686
5330274
5752560
1071989
5381796
6639788
2721760
937391
2287912
