6979837
6979837
6977478
2756549
6886268
3390261
2910395
1385860
6906589
6971387
6972740
1244577
6967468
6962720
6966348
6968341
6874874
5752538
6962555
6955460
6958901
6959813
6961676
6961747
3046972
6859426
5058220
204653
1312362
2943167
6889212
6951574
6851300
6953826
6948349
5050797
6908758
1436604
2971231
5627750
6945930
6944387
6948347
1872604
224006
5317689
6943534
1436158
6945973
2628409
6944107
6935736
6883650
6935061
6896740
2607454
6931468
5856802
6716315
1113290
5208454
3181922
6931372
2610155
1434895
6930123
1169310
983728
6928185
1497838
3055247
5552362
6923512
6921374
6742687
6900885
6913554
6895098
6895487
4617622
6915210
6878249
6899958
1101100
3298273
6896266
1569997
1400211
4583105
5210229
6896994
1169316
2788576
1791832
3224862
3250217
6851348
6880380
1138319
6790380
6729200
6892784
6891245
6892403
6889391
2469740
6877442
6887601
5755995
6886032
6882730
6880520
6870139
6873765
4838258
3593323
6880176
6559513
1708606
6851626
6788234
6798978
6869121
6867617
6874772
6865955
1108012
6860844
3313595
6861744
5292351
6854238
6851978
6752624
6844803
6849440
6850210
6847052
1683781
6840011
4569160
6839224
6835246
6829636
6800456
6827562
6820231
1173156
2527420
6827559
1168439
1249870
1456649
6811594
2379427
6807782
3179937
6729571
1371044
6793024
6802412
2593212
1774504
3263225
6800552
3399494
6696152
6757708
6702072
6795195
3698469
6735332
6790756
1409461
6783442
1271492
2919712
6787068
6750882
6779909
2500623
6744775
6752654
3371872
4417762
6746855
6606632
2670108
6562974
6717707
3196087
6735582
6738193
6742509
6732398
6732879
5747858
4504314
6729417
6729221
6728556
6726289
3598959
6722117
6725377
6670603
6673839
6719924
6670604
6675769
6679262
6680109
6694868
6694137
6716088
2780560
4403851
1469504
6706400
3050433
6706434
6704579
1206640
6699020
6700056
4800391
6668418
5616245
4409487
6581128
1293420
6662674
6663702
1375012
6625210
6662611
6663025
6642289
4741769
6654595
6654593
6643121
6652805
6647716
5152652
2612160
6430841
6631486
6618302
3362253
3699175
6626452
4404300
6608633
6405171
6617553
6584903
6586054
6585628
6611752
3235833
6577257
6442616
6536914
6520268
6523176
6569678
6564235
6573848
6560037
6550304
6541852
1209685
2963537
6551386
6555018
6542730
6547262
6536666
3135254
6544480
4601733
6540419
3406750
6535124
6540009
2822435
1852666
6527748
6530318
6531693
6508698
6515243
1468727
6497418
6491767
6476440
6480407
6485449
6452213
6471266
4606086
6460172
6448343
5282716
6452202
1858587
1355683
1407501
5863397
6429613
6430297
5890816
6414092
6401826
5905083
4761372
5892782
5893171
5893280
5889585
5854447
3423359
5886918
5891200
5880813
5865852
5859309
5867857
5867091
5865653
5864856
2479102
5860617
5861419
5843945
5858135
5859326
5854897
5848728
5846133
5815707
5844739
5832258
5837269
5836745
1624167
5276216
1562513
1597938
204682
1561179
4455719
5828792
5815864
5789584
5631346
5076308
1440792
5808921
5790700
5477678
5789425
5436365
1262235
5662574
5724271
5672940
5390899
1462690
5395076
5404911
5750667
5711751
5674414
5703046
5750407
5757207
5310961
5733817
5657165
5574426
5655565
5697524
5694207
5663566
5641261
962347
5652254
4543184
2626055
5567081
5569180
5569904
5591548
5595828
5601151
5601182
5619589
5624929
5628529
5632801
5560888
5100151
5589192
5576050
2772896
3221490
5523458
5563210
5562523
5552484
5002349
1375847
5549597
5487498
5542376
5543701
5398859
2535317
5500864
5518660
5406718
5491282
5512879
2977745
5228685
5463533
5491800
5405141
5478847
5478952
5486016
5477136
5430922
2383109
3753649
4545236
5446142
5448121
3564743
5415885
5425101
5083845
4728361
4660450
3135065
5226583
5406216
2907263
5272728
5396185
5398511
4485437
5387591
5326063
5351065
5378138
5108676
5372767
1710451
5219284
5032030
4835353
3061540
5317014
1826941
5327212
3269237
4554514
5258526
4999541
3724848
5342231
5208623
5333387
5317433
5339045
5324168
1462612
2878955
