6979590
2929848
2603883
1857993
1876522
6976836
6967381
6890329
6869883
6972342
6857036
6963273
6965197
6961329
1073967
5644187
1191781
6896904
6951176
6959346
6955321
5661866
1273952
1968349
6933526
6654850
6948456
1038883
2032275
6948422
5356456
1207469
1427200
6937779
3294387
1794965
5079329
2511578
4821499
5565259
3742212
1365975
6733464
6763612
1443663
1419074
6903957
985472
6902607
6917878
1140631
1324469
5467797
6915347
6913263
6764999
6437837
215744
6787127
6659103
6858361
1138718
6898010
6907806
5484957
6891512
2729342
6894231
6530190
6873493
6891148
6883058
6834403
6880081
6782369
6858768
6873046
5420298
6870210
6693505
2046842
1288871
1053567
6678169
6782433
6804427
6858359
6849141
1229348
1377890
2928871
1367137
6846262
6845114
6441312
6839270
6838509
6829226
6833660
1139416
6834082
6731354
2565900
1081859
6827882
6824273
6815378
5281980
5090517
5278705
6821663
1072653
2675662
6638204
6803698
6706676
6733418
6809501
6807683
6706782
1367245
5900463
6796040
6799821
6779013
6789889
1262002
6791465
6789756
5813446
6786286
5142407
6785080
1368210
1368210
6418296
1318625
6772325
6607271
4807286
1177359
6765101
6760371
6763492
1149766
6721029
6759258
6762532
6756587
6752040
3733711
6756392
1049088
6744228
6746890
3703361
6707973
5052958
972994
6746024
5566162
6741963
6442409
6735725
5832812
6739913
6736461
2281825
6731531
6727418
6719801
6724225
6720434
5347624
5137881
6706350
6600158
6708030
2702807
2297170
2126079
1424649
2475246
6702919
6699574
6701654
3147065
2435051
6694275
6691196
6688001
6683750
6658625
6685892
1340630
3681072
6677670
5207007
6671827
5448100
6669334
5772429
6667430
5861214
2840155
6624559
6639347
6667159
2293013
2855590
5727669
6601608
1367503
5583357
5758696
2389143
6654030
6660400
6658968
215726
6569636
5503734
6631465
2760060
6544133
6642542
6633948
6637295
6608314
6624849
1638053
6625106
6563194
5401659
5690677
2759191
6627145
6519144
6621170
6619462
5074205
6619833
6607648
6617243
6618459
6617145
6615959
6614343
6601797
6608301
6609451
6568494
6607508
5782404
6598891
4614811
6593154
3170588
3010628
5832438
5566096
6583391
6586432
6578798
6534481
6567519
6578005
6572343
6576124
2554857
5827037
2520963
6567285
1377652
6559870
2559731
215811
6552392
6558064
6555624
2825382
6546826
2587337
6497400
6548384
6543034
5673842
6531081
5904453
6524836
6524632
6524890
6472753
3158394
6519444
6433685
6511179
6514735
1627200
5398007
6439364
6504893
6507791
2729989
6502722
6497317
2799396
6499930
6497200
6493431
3237840
6495012
6486847
6486501
6485498
6483800
6449263
6479069
6480395
6481272
6478693
6478813
6476508
6471540
941082
5348721
6462259
6459229
2018895
6455666
6455998
2148299
2597665
1494973
6447213
6420770
6439644
5298418
6435721
6437732
6431486
6434982
6419273
6425554
6426058
2684813
6418663
6408654
5603530
5889399
6416765
6418135
6410613
5864758
6409037
6406133
6414107
6402619
6401484
6400601
5905318
1086471
4568527
5899444
5891369
5891466
5895179
5898738
5362341
5895676
2472403
5777060
5459578
5885583
5237293
5885984
5881879
5886970
5883519
1469796
5885562
5869501
5796412
4863176
5878438
5876960
2358955
2228430
1485130
5470708
5878363
5877235
5868885
5854763
2400907
3187735
2612601
5871251
5869458
5838468
5838597
5864229
5862492
5860361
5859527
5825484
5829229
5854177
5853849
3585086
5850854
5821699
5849589
1367445
5842192
3257306
1462291
3685843
5837210
5471410
1969506
5828797
5834964
5828061
5831697
5829110
5828742
950984
5826697
5824230
985436
2342888
5799621
5817212
5816405
5815824
5816126
5812475
5810231
5810904
5805487
5796948
215817
5796799
2436685
5790861
5791833
2039090
3113296
5776460
5783313
5782416
5784806
5777714
5760239
5750836
2835298
5733564
5761417
5772540
5764990
5770156
5769264
2917447
5679444
5763547
5763749
5762354
5755836
5754036
5750626
4482690
5747488
5452890
5510432
5730889
5733187
5735359
5739116
5740258
5738942
5734940
5481323
5723079
5727364
5716074
5726086
2609624
5721169
5720929
5717915
5714154
5715284
5710270
5714261
5689771
5713255
5711727
5706833
5704687
5706568
