968687
982357
969120
6974769
981701
6904427
970916
972722
972618
978275
1049378
972803
3020478
6886980
968912
6869924
1323028
6846775
6819195
2514749
977161
976854
5071605
6544408
6649574
982955
2380638
6621833
969477
6558231
6542749
6467768
6543887
968758
3144417
5562810
5880504
6453658
6452964
5901641
5878246
5876521
5862558
5163270
5742069
4453254
2344768
5778378
5810287
971601
5794026
1931920
5036899
5732627
980425
943216
5704403
5598705
5575669
4536248
5074499
5554438
5504541
5515791
971862
5442356
5408649
2160286
973468
5248542
5235682
5207936
5159256
5137738
4832925
4855379
2343866
972629
1047671
4713272
2348724
4667633
2326334
4582938
4613107
4465294
4599746
4566257
3070033
4516471
4508272
4447708
3766062
4447254
3730514
3697778
3688173
3610397
1506134
3647438
3609850
3604498
3595957
3579685
3579685
3566983
2917504
3420918
2979411
3359483
3383105
979185
936667
3340606
1593072
3034345
3115311
3100267
3008842
2907534
2498605
2059619
2725080
2430810
2120561
2519436
2431416
2477334
2357111
2398022
2378821
979808
976969
2332606
970812
2334485
983580
1007887
2288864
2242706
2242634
2146865
2138282
2099888
970161
978047
1994369
1890136
1599850
1313361
1202888
1773869
975052
1610547
968545
975816
1455340
1027270
970107
1301895
1271121
968353
985805
971985
985751
1047052
1041154
976868
970065
968814
968170
971372
975393
978747
981587
983987
982460
979772
977234
978764
979119
979255
979576
980085
980137
968266
981245
979506
978649
978472
973743
978176
976982
969447
969552
970736
974865
975123
974584
973802
973519
973061
972874
972515
971952
971955
971621
971503
971039
970791
970144
969760
969456
969188
969592
969543
969430
967869
968322
968392
968450
968617
968696
968740
968154
967339
