6972576
1099496
3614876
5314430
2984839
2937123
1841177
2434558
1261916
6940611
6855470
1383243
3609741
5376753
5478654
1081270
1075469
1075874
6880819
6880819
1292199
5250661
6838861
1076181
6801943
1135950
1526389
6831070
5193614
2121173
5851398
6809018
6735519
1071919
4849637
1076950
5785048
6789127
1134914
1077538
1190136
5349042
6716968
6753691
1187485
2526895
6654976
6756980
6756430
1702346
2279434
2639913
4858407
6696017
6430025
936890
6628745
6677585
1075934
6602423
6649161
6531239
6567297
6648166
6533018
2774295
6636425
6507581
4529967
1078975
2122760
1611397
6611884
6542734
6582557
6600668
5793469
1078533
1408999
6577542
6575983
1081662
6566419
6545146
2781994
6524869
6520716
6517459
6497164
6492620
1078485
6465694
5029560
6465184
6465184
6443594
6443594
1089015
5831572
1072225
5621038
3376028
2298924
5790165
5892577
5754257
2657572
5606342
5867319
5850252
5849634
5835781
5843716
5815338
5790361
5756696
5768479
5766568
2386216
1750229
5182377
5533624
5741203
5691933
5675153
1159042
1240560
5644849
5630643
5592252
5539343
5483989
5548570
5530811
5360455
5087003
3298367
2477013
5406510
5368089
5349263
5332998
5248920
5276959
2136679
5132307
5144121
5215751
1348245
1073407
5156546
5132388
1083681
1073924
5111091
5111083
2748888
5082275
5076394
1184983
4825879
4844184
4819091
4785150
1075327
4578487
1077517
4580675
1075555
3672501
4484858
1084345
1084801
3619715
1075765
4504351
4403888
3450896
1095048
3421834
2144097
3751548
1075085
3744027
1085468
1092517
2372240
3706557
3645035
2569888
3681158
3697914
3597045
1957953
1474051
1332437
3632755
3596341
2393576
3592494
1166553
3433292
3408372
246159
3026985
3410199
3410520
3403787
3186403
1969584
3366964
3242733
3310432
3342990
3337697
3195634
3302370
3275931
3262815
2659084
3152598
3244191
3179975
3195004
3199679
3091603
2584076
1054106
3164675
3069964
3002210
3061264
3000838
3034798
3104539
3123783
3085084
3002581
3008348
2936834
2603880
2641117
2888909
2909156
2899484
2893227
1534510
2865227
2674043
2836227
2865965
2797331
2748519
2815237
2812060
2793220
2729172
2773254
2770494
2721736
2661224
2716497
2367574
2713051
2701750
2698238
2683483
2673889
1389961
1520739
2655078
2642310
2642218
1311952
2632100
2635972
2640077
2599567
2612475
2342970
2622794
2585248
2413599
2555838
2569876
2551453
2438808
2550719
2422374
2492945
2491653
2479002
2474215
1414017
2436740
2350683
2380751
1090192
1308909
2329855
2300783
2266032
2258717
2148464
1799722
1080531
2177674
2203975
2157825
2161933
2159401
2124315
2161162
2157476
1146246
2054148
2134446
2119132
2120089
1085729
2035663
1990077
1971629
1924185
1074315
1442187
1076438
1801261
1867245
1794937
1713802
1194096
1095332
1582697
1571991
1559756
1562605
1510093
1510119
1509787
1546634
1480611
1500519
1466192
1475397
1452356
1453707
1440821
1437916
1416316
1406313
1366243
1383298
1077780
1313479
1077238
1345360
1078878
1096227
1084203
1075308
1246776
1247979
1078272
1247284
1085590
1080656
1075661
1078169
1160598
1075245
1027201
1072942
1076784
1073942
1170729
1161652
1101318
1079874
1087771
1101310
1074513
1082409
1038030
1073138
1078002
1077756
1081490
1085116
1084082
1081224
1081176
1079464
1078358
1073959
1073976
1077577
1075803
1073307
1076431
1076695
1076478
1076126
1075991
1075525
1075168
1074907
1074745
1074464
1074783
1074551
1074595
1074284
1074451
1074330
1073872
1073965
1073971
1073887
1073422
1073317
1072684
1072656
1072551
1072620
1072164
1070738
1051978
1046122
242362
225483
