561679
6963779
6809466
2638184
6426622
6847125
6838164
6836951
6916972
5706351
6838260
978661
6742581
6517985
6784726
6800868
5567095
543955
1291264
937051
258838
6510964
6807793
1100996
258507
6741497
6700261
983776
6643301
1602320
258839
1314712
6721823
5502075
1114788
6725633
2248566
6718291
2324465
3631035
2329868
2943407
1069720
1139395
6499251
6457032
6622713
6512178
6610772
6608790
1345847
6490025
4843967
543712
6532893
3368662
6506231
5436328
5640863
2850404
6453817
6452973
5900944
5841801
5762671
5830477
5868388
2136233
595044
1489050
5840714
5807948
5826782
4781954
5806311
258418
5757944
3211889
5780236
5551660
5667662
5189015
5760354
5639425
5676348
944658
936013
5682972
5688859
5687921
5479181
5636443
973427
5578663
5595835
5494607
284630
5599013
5600988
543949
5454508
5484802
1419008
5455758
4642740
5172011
5277725
5406277
3285976
543780
5368286
5330776
4844613
5337003
982197
5342968
5280072
5225438
5209137
2113996
4758991
5246036
4772271
630728
1230674
5053130
5081620
4822076
944856
4581070
543797
4754041
1285383
258383
2690469
4661352
3008469
4810679
4768685
4805796
4764935
4763175
4789311
4743290
944520
4712077
4704706
1965506
2204901
4525465
4659918
4618687
2338486
561663
3692554
4538962
4500383
4529182
1586395
889300
4416347
1657779
4508453
4451334
1649662
3188481
4409488
4465950
4453280
1797197
1428430
258326
3287549
3702165
3763960
2250377
2071944
543889
3737948
1564141
3599280
3449694
3300699
2106899
3638960
2227937
3564596
1751884
3450461
3358865
945021
3200311
2977477
2572795
3341432
3303015
3305333
2566333
3230007
1579637
3116133
3217281
3166114
3172508
3166079
3095834
2950797
3136224
3043639
2608425
2957597
2847793
2789653
2731620
544200
2479618
1966244
654092
655540
238394
1967100
2472022
2289912
258169
944512
798617
676734
554655
543887
2633914
2633792
2629562
2616156
1103415
2584698
2457760
2490885
2523361
2485065
2480295
2524388
2482347
2467672
2434126
2428235
2361212
2283068
2246499
2241028
544062
2107038
232802
2240784
2098808
2237714
2241356
2052167
1359089
2087747
1979214
2140007
2040199
1819514
616742
1780651
1538358
1829886
1955538
1959339
344158
1522576
1939544
1515002
1619560
1902996
543914
1868551
1823245
543942
1383273
1712500
1723642
1732333
1709255
1642486
1581817
1736798
1761093
1636867
1691844
1050721
1681106
932970
1682900
1625102
1587967
933282
945026
1111135
1350908
983960
1535536
258386
1565642
932820
276122
1547331
258266
1456354
543978
543972
543843
543890
258153
1520665
1424955
1504465
258427
1317324
258792
1474179
1474258
1457085
944904
1322405
258203
1353599
1374268
1358260
258505
258407
1184854
1259363
258305
1217258
1200790
1196372
543987
258262
258370
1084182
988698
257856
1100991
543891
1103419
983932
945202
838511
258342
945482
945228
544110
731484
544104
258245
944156
543960
543910
385554
293757
406312
932895
908087
712453
544007
544049
543822
543801
543873
543876
543902
543912
543952
390724
431699
543627
543778
543799
543819
543824
258510
258518
269466
257955
257972
258468
258496
258194
258018
258191
543792
258076
258041
258012
257952
829061
543813
543916
543932
558397
932810
932786
804613
703455
544159
543996
543947
543919
543872
543787
258334
258349
258452
258515
269427
269437
269442
338241
411677
543601
425080
258323
258241
258237
