257824
6931731
6950042
6964529
6563331
6925614
6944572
6689099
6410990
6849336
6931744
2754889
6835829
6925062
6890832
257945
6901908
1846936
6872034
6683839
6455340
6822880
6828819
5173654
4438423
6833825
2462923
6714900
5799329
6785087
3633776
5554086
258460
6765278
2469042
1530736
6750191
6740480
6537597
6741544
6680827
257810
5682841
6720861
6625878
3698348
3307127
5550076
2499865
6580106
5657204
2192505
6653540
6627456
6444588
6514778
6560719
6512914
5839766
5810042
6550031
5827507
6560734
6572663
5885846
6475189
1374483
6526628
4449091
6551011
6551011
6465401
5876624
5882632
5888194
6534706
5738877
5731364
2450145
2568750
5706071
5036126
6415895
6402536
5724274
5839897
4432104
5790189
5766097
1241047
2162878
5866608
5750522
5758769
5759844
5766594
5136785
4511699
5738676
3679699
5732291
5732336
5744474
5746544
5727664
257595
3137189
1695256
5795991
5782397
3679241
5657106
435332
3628948
258038
5709234
5685673
5637819
5619139
5531907
5587045
1962783
5564509
3347568
543945
5066817
1026435
2366152
5586896
4730615
3668066
3659480
3586804
5609643
258090
4563979
5454220
4505493
4660577
4447950
2387615
258490
2133691
2208395
2715786
5311672
944411
5259871
3597029
1056999
2658611
2110973
258501
1333566
5251618
3139165
3255577
5134835
5147954
3626331
3730007
4857585
5032291
4842856
4797001
4762011
257478
4626887
1154764
944677
4651924
1240731
4510280
4523465
2133788
1337834
1332994
3142321
1319020
1681532
3355376
3568351
3211586
2408318
3218729
4481728
3399828
2879595
2873086
1438518
3567881
2396921
944386
543647
3662447
944576
258339
3662774
257978
3042850
4443265
3110215
2625254
4431911
3762726
3657805
2932527
3052905
2993806
1619871
3066288
3673638
2491925
3639263
3192120
3643962
3668234
3678134
3334419
3667430
1364349
3431326
3360762
3648019
3648097
3636633
3437976
3596616
3636088
3421492
3593104
3582754
3574043
1916074
3145724
3145724
956270
3380939
2586988
257871
1094107
2261927
1564925
3416044
2473400
3330776
3248083
3014260
3267625
3050054
945312
1078271
3240318
1613562
3215344
1363994
3208540
3208540
2487298
3073846
3129035
3096834
3105205
3088006
2599001
258250
2983783
2897529
258449
257708
2757664
1386051
2599450
2706445
2756035
963136
2426448
2430823
2674798
2643445
2494776
2494776
2579569
2572652
2434646
2190713
2488162
2503860
2476445
2411376
2353457
2331226
2331226
2353650
2307301
2324899
2029543
1905651
1389167
2095572
2058920
2098053
2072666
1965291
543969
1515979
1860632
964702
1831646
257673
1713917
1703850
1526909
1610025
1539796
1600969
1538032
1605606
257500
1605594
1426127
1544119
1361572
1110901
1452983
1450892
1386491
1418709
1557811
1348532
1450660
1528046
1366209
1368452
1308319
1476559
1462867
258296
1445884
1424019
1410680
258465
1241546
1377221
1376741
1233143
1325313
1325313
1288264
1259976
1077890
1201966
1151313
258171
981158
1056156
257771
258378
1031286
1037635
969739
257511
945050
944802
966439
959106
955215
944760
939950
944587
944694
257723
257834
258120
258177
258254
258330
258481
349148
543793
543997
544169
257499
257668
257560
258045
258415
257992
543934
678250
543835
257906
