1852098
5683951
6979344
6979344
6975146
6944865
6977833
6977833
6977940
2794551
6977285
6977527
1848927
6957495
6974622
3761387
6975937
6659816
2947764
6695100
6867166
6897795
223178
6974561
6974016
2854905
2536933
6974497
6924788
6974095
6974095
6932725
6972124
6972742
6973114
6964305
6970280
6968301
6971229
6962684
6966967
6959110
2915301
6970823
2853878
6890428
5717135
5765118
2961260
6967569
2121789
5618926
6963608
6965214
6961572
6914192
2837139
6745580
6955989
6960912
6440771
3164216
5683169
5835300
3439607
5859933
6948458
6961507
6954562
6746549
6917185
2378662
5580028
2949900
6957828
2742271
5150240
223030
6827137
2756018
6951322
6941806
6810434
6954011
6955969
1230037
6956824
6956676
6956676
5097275
4805096
6951155
1159425
6931053
6950879
6951939
5435582
6951306
3664906
5173019
1615027
2229210
1026825
6946720
3019468
6930514
6927740
6817570
6838644
6947920
6950631
3021289
6948806
2621125
6949140
6949140
1436869
2810713
2422929
1088904
6944769
5655811
986235
6939940
6944745
6944024
6492954
5494395
6934061
6938281
6903417
6910623
6912409
6923395
6934635
6936978
6937400
6930989
6926831
6888456
6676267
6930283
5120218
1602195
2365452
5263007
5450551
5369553
6849858
6499180
6891409
6929909
1226959
6781351
3243306
6928924
6924896
3678673
6933342
1421926
6924310
5197068
4791291
5889712
6462245
6776343
2498327
6930599
1404006
6928427
6905745
6910515
6927955
6915037
6925898
2886302
6839684
6926873
2051441
2295110
3235615
6482822
5425338
5613330
5522839
6924813
6924055
6917039
6905578
6568899
6916064
6899831
1382611
6923852
6914360
6921191
1206715
6887520
1735792
1534908
6755866
1204653
5317833
6469841
6916079
6900621
6886503
6886041
6895862
6916643
2506517
6882102
6915020
5728772
6913834
6505623
2668213
6902721
6902541
6907568
1601758
1168718
6903028
6909687
1172685
6868256
6561215
6909154
5784431
6908744
223183
5281791
6904468
6635428
6491285
6893885
6901371
6901312
6745155
6900310
2284113
6901011
6506892
5527109
6895832
6898891
6895896
6882630
3059625
6898299
6896906
6889397
6896753
3006270
6895858
6892916
6878745
6890718
6878022
4634516
6891817
6892112
6892338
6891792
2248914
6887425
2046778
6596656
1105531
5213224
5696100
6888124
6882959
6883694
3091827
6890176
1233737
3206012
6854847
2380645
5346629
6877685
3290008
6878691
6879018
6880149
6877769
1117214
6879687
2011316
6877634
6878918
6877263
6875965
6873120
6877548
6875805
6852550
5876542
6860814
1799074
6866181
6871679
3229556
6856267
5785152
1283948
6869056
6872471
6859959
3004500
6844755
1061042
6868837
6862100
6865393
6866922
6868078
6869881
6780317
1729989
2176625
3742476
1409142
5664328
6796568
1094058
1586461
3741549
986814
1495835
1444572
6864505
5087658
6858485
6459304
6860631
6608247
6860118
6858945
6859354
6853872
6859248
1149056
6797975
6855955
6456065
6859450
6860441
2333768
3377258
4438862
1075117
6850057
6839168
6856043
6849517
6832228
5666554
6845130
6849633
6849356
6658963
6849201
6848537
6844321
6615547
6790987
6841893
3748480
6842290
3031174
6748050
6836091
6842973
6833898
6786130
6794755
6844074
6838916
2491137
6843332
6839463
1214622
6840474
6839737
6832589
6838993
6837868
6542948
6836821
6836740
6828484
6833741
6836429
6828947
6818415
6818578
6832025
4474523
6806953
6831708
6831872
223094
6826796
1562232
6797737
6822531
3037547
6826924
6803752
952566
6821975
1141745
1440216
6827275
6827275
6823447
6816741
6819929
6753825
6820198
1011027
6583233
6755836
6807849
6785604
6818287
6815761
6816732
6816929
6805825
6807441
6787906
6787676
6782546
6604012
3022212
6740267
6716583
2067925
1226496
2655382
2810668
6797151
6805401
2250017
3680205
6806452
6806554
6793832
5820447
3739312
3026693
2588343
3143912
5834094
1153880
6784431
6799010
6796957
6795281
6798880
6798022
1421775
6786528
6793958
6796566
6533234
1134333
1363972
3574230
6793626
6794705
6795152
6792230
3344526
6789740
3289097
6784257
1542421
6787029
1689592
1839862
6780782
6786375
6787095
1420342
6756101
4856045
6785208
6787037
6786607
980914
2854875
6785605
3049446
6784054
6780595
6782225
2409982
5062457
1116940
2524355
6778089
6772804
