6979366
6979356
6942702
6979368
2817085
6977164
6978369
6975163
5823007
6977611
6905439
2625163
1826616
6977923
3570434
6978219
2606922
6979302
6979302
5374163
1342107
6977646
1213438
3438161
6979264
6979264
6978437
2878381
6978597
1870893
2173473
1359242
1112459
2629886
6973606
5369467
6963571
6967818
6459315
2668839
2601215
6963801
2621915
6968217
1172980
6976215
1802097
6975033
6964277
6975143
2229331
1877075
942915
6974261
2607585
6973620
6977462
2132321
2663131
5225634
1037817
6976224
985634
1750192
2949002
6974499
226077
1357902
2985234
6976743
6975691
6976952
6970793
2620982
6973766
2648505
6976622
5435964
2330413
1220453
6922512
6967941
1380919
6974331
236289
2727733
6976392
1358222
6942275
6969865
6977054
6975239
6975418
4866369
6975204
3439355
2570187
2157965
6974537
6972757
6904182
1818390
1867081
6958185
2934655
1025180
6973271
3420379
4734660
239783
6974842
1425271
2337176
6838966
6974266
1192081
6974826
3068668
2554635
1400235
4738310
5701497
5144966
4515614
242792
2000771
6972680
6972661
256555
6973955
1469577
6974166
5056631
1115470
1660415
6972349
6973580
5582829
1208268
6973435
6962171
2696979
1215527
989348
6974075
6973547
6974020
5749422
1231532
4411201
5766195
6971945
6973610
6973610
2404938
6920748
6943664
6845191
1546828
5482726
6955666
6971614
6970832
1174338
3696294
6882519
6962348
4743891
6972699
1858261
1104072
6965730
3593460
5575679
6972492
6972492
6965443
1829238
1571219
6971535
5460022
5693807
6970629
6968996
6967709
6971502
5814599
6948731
6968231
1382585
1743172
5424662
6402083
6971391
6802008
3372985
6970536
2344316
6971122
6521893
6862236
5163880
6971028
6970078
6969935
6968895
1386263
6867123
6968326
6958828
6896734
6968807
3590222
6970656
1116689
3097798
6963832
6964196
6965337
6965472
6952020
6968733
6959302
6968567
6946441
1442533
1977582
6952615
6968550
6968597
6968683
6969781
6968791
3320153
6861336
6861490
6865615
6869178
6869057
6878902
6881165
6909643
6879904
5434321
2528665
5486589
5455483
1141249
6964406
6968213
6964242
6890378
6964918
6968245
6962794
5529374
1100094
5813385
6964453
6967138
6967421
6961331
4559165
6968789
6962710
6966378
6967739
2218746
1357900
6962828
6964267
6967939
6964293
6945298
6962400
6964091
6967437
6963371
6966899
6964742
5677481
6967990
6962246
3563587
1320106
6959087
6961882
6960402
2134438
6961879
6961937
6963398
6966094
6966167
4632403
6884798
6964792
1097683
6966282
6966067
6946793
6962734
6870133
5238838
2364859
6965464
6965338
6964078
3330363
1345127
6867056
5824265
5165894
5714226
5862574
3081720
2567101
1262946
1307218
1237718
4580835
2263832
1396754
2264282
2884490
946502
1184997
1904186
1059857
6954490
6963028
3398760
2493030
2499128
1347363
6962924
1100024
1112829
955020
6877307
1408929
1684880
1778530
6961348
6957562
980890
2260489
6948118
2012420
1881797
6950836
6959622
6959974
6959948
6948917
3001001
2406308
2946837
6960970
2952972
3650500
2905205
6947757
6961205
6960881
978685
6958580
1773369
6961043
1347561
6960812
1464186
3038691
6961392
6960662
1141867
6955130
6956188
6957321
1442390
1000265
6958310
2959412
5164605
2185629
6959804
6426335
5456027
6896219
6958686
6952549
6959090
6945304
6959891
6957896
2984154
4812014
2787772
3049057
6633568
5108882
2523226
6731907
6954872
6959505
1199834
1114380
6959282
6959282
4506442
6949417
5474288
1435049
2016503
6953380
1920023
3008853
6957393
6958109
6735115
6945423
5743974
6933853
3035860
6957180
6637136
3023147
1540268
1041410
6956883
2557217
6956987
1038793
1182001
2581449
6955027
6955551
6955598
6949215
6955552
6954290
6951512
2950329
6954712
6953437
2213296
2944682
6953947
1223242
6948493
2018294
6940908
6953761
2082416
6950708
1308490
6955468
5139508
2167972
6954268
6955392
5722435
209205
6950359
6952961
6953601
5481942
6953844
2021075
1998426
5083406
6953535
1792559
5856220
6658500
1940839
1658673
3427328
6952921
1685282
6864990
2644361
6950884
6945320
2105012
6953318
6461111
1328620
6951765
2303264
4846156
1029796
5216051
6847598
6953099
6950624
6951560
6952519
5475613
6952597
6947566
5371641
6928563
4751988
6930040
