6979366
6979368
2817085
6977164
6977611
1826616
6977923
3570434
6979302
6979302
6977646
6979264
6979264
6978437
6978597
2173473
1359242
1112459
2629886
6973606
6459315
2668839
2601215
6963801
2621915
6975033
2229331
942915
6974261
2607585
6973620
6977462
2132321
2663131
5225634
1037817
6974499
226077
2985234
6975691
6976952
6973766
2648505
6976622
2330413
6922512
6967941
1380919
6974331
236289
1358222
6975418
4866369
6975204
2157965
1867081
2934655
1025180
239783
1425271
2337176
6838966
6974826
3068668
2554635
1400235
5701497
5144966
4515614
242792
6972680
256555
6973955
1469577
6974166
6973580
6973435
1215527
989348
6973547
6974020
5749422
1231532
4411201
6973610
6973610
6955666
6971614
6970832
6972699
1858261
3593460
5575679
6972492
6972492
6965443
1571219
6971535
5460022
5693807
6970629
6971502
5814599
6948731
6968231
1743172
5424662
6402083
3372985
6862236
5163880
6970078
1386263
6867123
6968326
6958828
6968807
3590222
6959302
6946441
3320153
6909643
5434321
5455483
6964406
6964242
6964918
6964453
6967138
6962710
6967739
6964267
6967939
6964293
6964091
6963371
6964742
5677481
6967990
6962246
6961882
6961879
6961937
6963398
6966094
6966167
4632403
6884798
6964792
6870133
5238838
2364859
3330363
6867056
5824265
5165894
5714226
5862574
3081720
2567101
1262946
1307218
1396754
2884490
1184997
1904186
1059857
6963028
2493030
1347363
6962924
1112829
6957562
2260489
2012420
1881797
6950836
6959974
6959948
6948917
2406308
6960970
2952972
2905205
6947757
6961205
6960881
6958580
1773369
6961043
1347561
1464186
3038691
6961392
6955130
6957321
1000265
5164605
6959804
6426335
5456027
6958686
6952549
6957896
2984154
2787772
3049057
5108882
2523226
6954872
6959505
1199834
5474288
2016503
6953380
3008853
5743974
3035860
3023147
2557217
6955027
6955598
2950329
6954712
6953437
6953947
2082416
1308490
6955468
5139508
2167972
6954268
6950359
6952961
6953844
2021075
1998426
5083406
6953535
1685282
2644361
6945320
6461111
1328620
6951765
4846156
6847598
6953099
6950624
6952519
5371641
4751988
6827072
1308188
1897741
5729928
6942170
2156932
3426006
6951552
1765052
6950640
6950067
1811496
2155700
6949145
2163486
5144656
5125324
6949613
5301895
6941307
6947468
6945972
6947162
6950623
4405358
1405656
6950234
6947671
1821455
947289
6910212
3757864
1220867
2623456
6944592
6947045
2734675
6948640
985412
6861004
990536
3422509
5100771
6707025
6686624
6673859
6639563
6620945
1837838
3752028
2268253
1710139
1342815
1194265
3767231
1887276
1864809
2623009
6944817
6946201
2165924
6947479
6936800
3767312
6944925
6941898
6941416
6947582
6909572
2615656
6947371
1780344
2093891
6943342
6941764
6788836
6768026
1834102
1161942
3729037
1826184
3024089
5247582
1003875
2696858
6858142
1201655
6548285
6918476
1317121
6944255
1603952
2189587
6903891
5148369
1412461
6942272
2474643
6942278
6923472
2929042
239654
5252493
6942250
6942418
6923196
6942241
2082299
2427971
6942154
6941180
4414125
6939344
6716539
6941105
6942164
6940353
5507670
6939219
6939197
966565
1331178
1216192
6468678
5287143
6938384
2178316
5882324
2146746
6511404
2080037
4661730
6940050
6939874
1774429
2072505
6924195
6935694
1864186
6925391
1847995
6933275
6935494
6934470
6931198
4500867
6930784
6933874
6933507
6936644
6937299
6924858
6927723
6891539
6928731
1383255
6931658
6933678
6922560
6935089
6857274
6927340
6935652
6917119
6933263
4716690
4810149
1116130
6915473
6917870
3756405
5514498
6928597
6851845
1865641
1077921
5155238
5466107
4799912
6932153
6928213
5421183
1838286
6933305
6933626
6930737
6558850
4664996
5544933
6529784
6922153
6932100
6932060
6931909
6412547
4543621
6931341
6931462
2085848
6923843
6930931
1249878
6929309
6929037
3272731
5674260
6929973
1228157
1923802
6923925
6918559
1326533
1470960
6928794
5618840
3176316
2409717
6924415
4464969
963858
5149083
5344042
1161308
6756712
6778459
6838429
6869268
6884588
6895931
6903584
6903986
5366453
2989389
4422573
6880459
2005782
1107169
6925426
2123748
5668686
6924059
2418979
6925884
3634864
5081820
6923887
3446784
6925883
2268572
6925618
6434164
3368090
