6899960
1258515
6977849
5301258
6979301
244826
6970376
6978805
1873960
6973845
6975251
4407768
6974493
6936678
6978961
6979385
6979385
5382617
2838738
3563457
1194623
3364288
6978989
6764490
2621970
2963656
989716
6977877
2640805
1865945
1079652
247389
944068
3058059
246259
2231313
2284572
1808047
1869220
3044257
3064737
5787658
6978538
1374963
6977799
1337244
6975426
6978361
1865200
6976453
2732669
6978271
6977325
6966638
1751245
1706566
2899905
245230
5382576
6948225
6974061
6543468
5291212
3013610
6974651
6973548
6939652
1303470
6974038
256751
2326338
6962782
6975059
2132765
2743293
6798146
6612375
2603248
6975705
6975386
2661504
5789149
2092506
2141765
1869414
3039694
6974198
1085141
6970692
6932155
1328334
956233
1146732
5538062
6869680
208879
6972605
6973266
229572
6973219
223986
2932703
6970761
6971834
2445442
6972733
6967264
6970360
6967784
6970074
4492820
5733984
6881054
5650538
6963253
5223648
248669
6970467
1450936
2731961
4838503
6965435
6968687
2309152
6967823
6968386
5188581
958068
5067309
1814573
5059164
6969953
6969953
1800826
3025075
2917976
1426953
2201166
6958007
1089757
1080365
1141662
6967903
3160025
6966713
2192357
6966411
3180087
6966497
1006118
6962929
1984673
3360168
1111485
6965156
6933862
204733
6966111
6512160
3364786
1345076
6956308
6862155
5131153
6965128
1152401
6964850
1696114
6955448
2009272
6921630
6962389
6963575
1514102
3706720
1863191
1419114
3594894
2103914
6962154
1530395
1991050
3033892
6923266
6619782
6692268
5220147
5161243
1218448
6742026
2962198
2934332
4849562
2928950
6961406
6959769
6926151
6960930
245430
2906133
6960721
6960552
6960643
6951118
6954067
3012182
2896684
3049479
3048171
6959967
2982745
3004624
4756723
2901291
4767898
6959620
1146255
1472856
2865210
2870456
6850021
5185925
1986281
6942583
6957429
6954713
6954423
6957555
6958266
6953889
1761438
4611443
2837935
1101564
5599418
6956898
6954762
6955370
6956706
6924412
1109455
6954804
6951579
3021133
6913700
2899769
5373893
6941649
1887797
6950326
1734723
1791312
2646218
4699840
1193158
6952066
2882351
6950341
6950799
6948672
1811079
6775867
2900213
6944784
6949418
1771220
6951975
6949723
6854750
2108982
6949271
2675363
6950218
1393057
1085135
6950316
6854288
5138024
6784918
1951373
5052987
6786031
6784167
6782728
6781908
6855335
6878646
6878800
5264286
5151716
2389019
2755406
4396822
978965
2649573
6946984
1572378
2214989
5397285
6940924
6948244
1872880
1889103
2606835
4429880
6946675
2078362
4868096
6625017
2620463
2640406
1089676
1071680
5501248
6860578
5316973
6905598
6912320
955281
6917203
6923840
1456675
2884621
1855761
6943217
6920060
4414600
1048035
6944673
1249554
6945522
1314631
6943982
6941701
1214207
6944783
6944725
1868935
1855860
6944250
5245537
1141105
2807232
6945450
2624403
6421973
1362753
6940605
2230446
6928829
5120117
6933594
1665080
5051505
979107
6712099
1809615
1871152
208906
2621820
2884905
5064328
5213070
3182728
6944597
6904620
4824191
6941178
1102724
1103994
6744204
50907
1636758
5272867
2295703
3045142
1312758
6838415
4565435
6830237
6942437
6867731
6789478
6924705
6942266
6892628
6940889
6649294
1937095
6936682
6939218
6939756
6938270
1303550
5689298
6934724
6846423
6937752
1990996
2012191
6922229
6922546
6928184
6934467
6926535
6935048
6935531
6933989
6934533
6932783
6934456
6937667
4400599
6937480
3449250
6926836
6934663
2678714
6934267
6935843
6887602
6935343
6935675
6465805
2655373
3372520
4843218
3244020
2666464
5555840
3300500
1476274
980817
2449572
6933795
6849340
6910657
6933367
6934227
6911492
6931058
6934802
6934802
5109334
1741551
6862403
6934196
1654141
6931330
6931602
3334022
6930165
6929161
6922299
6918461
6914024
6910567
6916919
6920157
6921603
6922949
6923884
6933354
5199864
6933175
6932993
4512566
2246888
4614418
6450589
3595361
1960777
6932474
6931827
1173573
985672
6932068
6929794
2659168
6930905
4443046
6927398
6928274
6902645
6918993
6930622
1301811
1742293
5240232
4590121
2146360
5541767
2119051
1962571
1072358
6923166
1087934
6927737
1283663
6918369
4663387
1022910
6924420
