6973686
6977983
6965366
1076314
6976883
6933251
6974429
6957052
6926138
6918356
6922745
6935096
6940352
6951033
6953798
6969044
6949558
5549055
5509177
3703309
3405233
3431373
6722613
6754093
6843098
4529708
5614780
219349
3162535
1176022
6953190
6940107
5818406
6961162
6868808
6960263
6877023
6953924
6956083
5134868
6919321
1157349
6949954
951136
1144591
235785
6939680
1296036
6934930
5324533
6841880
5165044
5077316
6536619
2241581
6881508
6928420
5860156
1247658
6924085
6920763
6911352
4481423
6912861
6898768
6907901
6872276
6887725
6908574
1414411
6910192
5101386
3418474
1177487
6911351
3232501
1312691
3073254
6820951
4524077
6895827
6905786
3002149
6749601
1751068
5391745
1027182
6900505
2990026
6839927
6848304
6842455
6893010
6891217
1547179
1652786
5130855
6895425
2572248
6892171
6890568
6887358
1176839
1140916
219397
6871681
6797379
1107428
1586474
6782945
6862281
6872976
6871727
6871815
6522903
5092980
1197650
6448834
6818264
5176422
5602518
6860899
6728169
6857074
6857572
2117950
2309159
6853714
3612764
4528877
3170442
1203752
6851927
2646548
6846649
6763477
3263879
6829051
4594842
1358221
6842054
6839437
6832390
5810694
219416
6837905
6721837
3338970
6835817
965869
6832969
1083638
6826047
6801658
6828936
6823832
6826411
6826411
6828941
6830050
5670672
6827253
6812084
6822086
6801398
6808242
6784729
6822645
5873444
4554718
6445458
961323
2682746
5147875
6791007
6799016
6528677
6705335
1136451
2450260
6739497
6797157
6810922
2634947
5543227
6636193
2668607
1776128
5786593
5741470
6805384
6805630
6799890
6791261
6790683
3003540
5703102
2099063
1390383
6784176
6783972
6789700
1565578
6683645
6784192
6782577
5477066
2381984
5073503
6756538
1025541
3691682
5566986
6776882
2997779
6433696
1099339
3220260
1037641
1610120
5053134
6677336
6707866
5132075
6736693
6725669
6756393
1351840
1103947
2542329
2063124
2840109
6753957
6747491
1782011
5427354
6663557
6739301
6743135
1793679
6609538
1652548
6503186
6720582
6612464
1111284
2943083
6736058
4619353
219319
5654083
5847544
1112537
6731345
6728736
6726159
6668753
6715656
6721154
5412881
6681160
5444468
6267268
6706700
1106190
209128
6655562
6711619
3281282
3167582
3215783
2568714
6653433
3583080
6693993
6676201
3663003
5069134
6499178
6691642
5096692
6690803
6674620
6684934
6686420
6684780
6684467
2764458
6678483
6683167
5762946
3635553
1536518
1260828
5901979
6676105
6671699
6674751
6662522
6675730
6674411
6674096
6664910
5903114
6668589
5820233
2764097
3428813
6666718
2347439
1554529
6660479
5118306
6661081
6554531
6511030
6658066
6657480
6642732
985861
6629736
1203786
1061756
5756838
6654807
6625449
6495530
1056533
3229499
6635047
6636712
6627461
1882551
6630475
6539587
6637165
5515663
6574758
6636660
6619102
6517955
3341270
6634595
6636405
6629113
6623759
2396123
6617742
6621007
6626016
1077537
3619081
2640124
6619349
6586374
6546113
219430
6608675
6611327
1681903
2070813
5775257
6608616
6513491
6606497
6603446
6602740
6602020
6595651
1757628
6598142
5867081
4717112
6562628
5738666
945829
1006934
6583689
6522873
6586520
6586942
6583701
6580724
1349808
6577840
6573325
6574077
6540523
6574994
4638728
1479054
5233831
1834895
6534175
6571517
6567296
4740723
6568162
3264846
5587171
3707590
3086679
6560482
6561871
6511615
6511066
6538147
6546099
6546143
6507286
6508162
6460886
6473047
6473421
1280428
2570483
3289214
6553324
6553376
3138619
6552089
6551932
6548539
6549892
6550861
6483527
6541021
6550142
6541384
6537208
3747893
6539460
6461748
2607074
1283943
6534484
6535004
6433699
6532529
6500236
6531552
6531553
6530840
6531551
6530982
6519132
6520246
1939537
6518798
6517389
5644952
6520572
1206395
5554165
3126704
1367998
6512319
5809959
6510634
6507135
6500486
6502732
210968
6301550
6497225
6486093
6491841
6485122
6482784
5860676
5891613
5741921
1147814
5620716
5742706
6467082
6466428
6451109
6457660
6431281
6452716
2880028
5216287
2574102
2377377
6448951
6432701
6440815
6441513
6440621
1089128
1512165
6438329
6434654
6426839
5862660
6418520
6420786
5879034
6421242
5896795
