6945932
6974935
6976915
1030797
1029535
6973160
4507488
6956790
6969153
6966314
5661117
6959418
6948329
6732034
6941997
6686512
1392009
6945312
3180826
6946187
6942308
6945135
2991713
6831692
6940737
6940415
6940244
6897962
1206591
5732385
1187632
6886217
6919622
6906003
1859646
6622554
6871719
6885483
4710389
1196909
5265376
1032728
6868076
6858018
6856599
6844768
4596131
6740970
1032022
6842191
6841695
6841692
6841689
6824025
1027630
1819735
2973808
3387336
3011012
6769471
6440294
1030087
6818171
6795681
1044510
1028480
6707053
6804692
3097148
6782442
6760516
1030799
6740152
6791032
6704351
3302839
6776305
1031030
5472733
6770259
6762799
2662188
5636853
2057128
6756334
5119171
6736963
6674108
6729694
6718788
6714829
5817496
1421748
2246903
1216125
6667814
6540460
6677518
1030076
1030471
6638161
6578028
2823616
4541882
2728522
1916038
2436183
6586756
6640287
6638259
2239509
1047789
2623462
6640211
3075427
6632656
6409916
6627502
5537126
6626222
4482132
6619635
6618308
6618179
6589729
6603855
1233504
6428220
6407746
2587843
1400951
6563280
5356423
6570503
6562504
1825229
5538913
6552828
4554952
3333003
1037837
6520871
6483469
6520504
6480321
5116495
2202788
3166163
6415673
6495006
2869834
6483458
6442478
6443551
6469826
6472470
6469672
6443552
5668458
6437252
2885657
4592056
6430129
6450832
3382853
6440259
6439024
5450645
5466247
5691816
5580515
5899061
6408038
5131656
5904443
5899791
5903213
5897868
5897868
5896249
5889377
5880195
5856573
5603384
3108618
2030336
5850414
5844080
5742888
5835226
5833009
5811201
5802275
5796625
5796625
5790838
5786267
2747164
5445248
5776018
5774183
5532007
5675574
5479517
5617045
5766188
5760872
5751161
5743366
5740374
1045878
5732252
1029904
5730204
4637954
3406858
5662821
5613364
1035122
5657358
1883042
5650070
5642790
5644668
5634530
1705422
5635244
5609969
5090684
5549872
5610528
5549351
5573586
2252634
5586011
5580449
5570287
5569373
5567733
5543239
5556239
5548827
5542608
5492368
5509150
4452414
1030749
1030874
1959988
1870744
5518280
5507524
5384772
2210855
5137223
3278749
1044613
5466467
2365730
5452937
3322256
5430699
5431897
5433062
5417816
4721244
4840307
1033768
5424819
5414401
5412497
1327723
5305839
2328379
5069302
3322859
5383460
3682101
1032324
5367523
5346058
5335371
5310402
5283857
5062799
5313254
5282673
5301913
5300707
1035532
5283840
5277557
5282150
5199435
5272166
5250766
5000141
5252471
5254308
5237853
4833437
5123868
3674743
5231250
5244003
5234820
5228233
5238874
5230236
5219630
5228550
5198952
5195217
5221873
1032726
5223161
5219881
1030139
5208940
5176228
5188177
2958283
5174958
5172067
5165644
5162350
5159236
5157469
5131887
5152186
5144556
5139808
5128243
5117362
5031865
5106655
3562342
5107952
3073335
3052959
5088097
5083777
5075766
5065731
5061650
4616757
3630038
2327629
4997477
4996689
1032199
4867121
4843207
4780806
3168006
4821103
4821103
1032611
4796144
4809608
4781333
2410003
4804129
3373480
4784788
4751852
3167457
1028787
4774429
4745549
2624178
4752416
4743369
4654421
4736508
4700767
4726130
1231162
1033697
4658791
4546043
4641793
3570008
3411750
4638013
4475102
4629214
4622472
4619451
4602493
4477001
3720282
4583216
4510135
1030785
3145701
3676341
4505268
4490969
4481925
3142084
1032011
4435915
3627702
4424221
4406201
4399730
3186090
3759903
3756890
3749389
1030498
3117819
3113641
1032024
3731285
3728609
3720065
3707191
3642414
3646869
3617280
3654455
3623574
3676319
3661231
3642185
3637528
3358701
3634887
3627000
3618197
3446942
3597737
3587302
1030499
3564014
3566515
3426850
3424067
3193271
3366128
3406020
3400000
3316717
3295029
3380301
3320226
3302660
3273344
3266543
3259546
3250625
3246271
2836193
3213954
3212400
3181232
3172678
3166071
3156137
3128180
3124033
1035678
3112445
2557162
1955906
1569160
3045083
3027485
1030295
3016124
2988180
3014291
3011733
3002458
2964050
2992986
2977087
2974050
2918371
2954832
2941573
1288138
2942949
2928553
2910008
1047195
2451840
2770505
2831599
2846850
2608042
2623758
2836334
2785766
2799626
2741087
2794669
2753586
2718653
2725762
2713529
