6961326
2478941
6942897
5876691
6955237
3005459
1003046
3275384
6906847
6699683
6709856
6750153
6876340
6839724
6678378
6631232
6653556
6625117
6851263
5509180
5896279
5847045
3085330
3116166
6496802
6593889
1373251
6741653
1000627
1137693
974740
6789947
983676
6745525
1069874
983526
5785136
982075
5875130
5642680
6678094
6515863
1137116
3117636
2012378
6597907
4480010
970285
6433374
5828744
5831325
5560934
4773023
2716067
5387503
6581599
2072228
6580303
3336965
6523358
6557213
5666837
6540105
6439654
5881256
6513159
980302
4573780
5532604
2584183
6485536
5869536
6426993
3006261
6419363
5901558
5888202
5880435
5886612
5383707
5752633
1617947
5739379
979921
5648648
5677554
978427
5624957
5660784
2337809
5628643
5150197
4809824
5625141
5074848
974361
5565772
4585327
5552840
5539941
5533420
3300980
4573850
5209270
4843138
5476959
5428481
2532722
5454626
2166442
5279238
5354345
982799
5333756
5304592
3162973
974306
5263259
5214884
3226553
5225324
2905378
3163530
5158636
2223835
983235
3200939
5157816
990711
984267
5078516
983046
971659
975711
2863149
4826607
2220623
1512088
4793920
2937764
2986343
2352081
4574734
974341
4638053
4547584
975252
4593621
2264110
4527861
2311197
4469987
4420188
1332774
3759226
3406674
255988
3218801
3240950
3144692
2997963
2467056
970909
1045808
976631
3062633
3077884
3067635
3029085
3033204
2952724
2910372
2844966
2847994
976038
2837216
974028
2768568
974475
978294
974318
2724342
2718181
2697887
2652467
2622185
2654345
2643200
2618569
2591557
1687031
2569175
2560361
972707
976524
2028605
2250420
2320266
979903
2250426
2443550
975310
985748
990365
977465
974348
1732825
2062438
976164
2076128
1911126
1875437
1249808
1743378
1573860
979858
1404126
981758
1716076
979240
1669120
1242749
972406
982927
976197
981383
1011055
1323520
1357347
1315905
1309644
1105338
982211
986351
975140
1096516
1105675
1104862
1105470
1046340
984541
1006563
972453
970806
1082064
1077515
974384
976365
972992
1032253
250309
971326
972464
973696
975150
975567
977073
977622
979435
980275
975320
982289
983260
973878
981113
984552
970617
995355
976277
982612
970465
982785
981676
978405
981391
980298
980141
977995
978225
977390
977248
976923
976647
976669
975334
976111
975361
975690
975441
971207
974277
974273
971792
971810
971090
247921
