1816770
4427341
4620844
2152890
6868003
2602520
6939552
6470862
4644993
6901968
6883130
6891922
6887329
6837830
6790844
6767141
6859374
6802860
6829397
6748382
6755432
1035264
6825356
6760879
6743221
6787610
4450094
5073920
1585514
4535192
6734376
6741293
1037456
6722673
6704952
5712456
4649451
1149881
6696042
3696781
3717065
6670564
1037852
6658099
6612909
3214750
6574160
6577117
2097953
4708400
3105002
6540889
1758175
6549292
6505415
5259567
3252921
6529348
3425481
4576324
5249072
4604097
5100567
6489107
5526621
6479722
1134544
3112976
6437207
5792559
5595592
6400133
6214537
3152760
5721058
2354355
5860007
5842003
5847590
2378585
5800818
5778899
5785124
5727374
5738994
5537239
5168548
1032939
5678677
5603194
5627097
2442577
1035982
5639489
5604496
2982943
5557284
5540346
5440990
5585305
5587780
1035224
5548664
5457845
5508285
5504104
1033153
5454271
3011932
2498645
5493904
5134752
5156274
5403023
5319784
5310621
5373646
3101206
5438585
5407402
5422318
5325963
5394907
3332718
1040392
1040180
5193722
1036360
5387983
5189917
1037139
5293390
3077691
3104016
5281096
4463670
1036974
5161937
5214194
5190945
5239244
5159550
5171308
5215322
5182784
1037616
5182582
5177962
5136684
5093629
3744640
5134965
5134965
1034621
5105565
5100136
5092320
4828295
5070825
5059714
5040896
4843275
4828686
4416726
1034936
3356708
4760012
2662793
4764512
4750806
4656061
4586578
4561728
4475308
4477271
2697907
4453695
2143030
2426275
3058415
4443065
1033886
3757564
1035374
1044082
3717206
3613350
3606793
2348929
3662672
1573575
3602249
3593487
3257656
1533068
1040955
3433634
2972616
2921300
2921643
2835974
3403318
3294642
3209184
3228486
2842948
3271436
1036676
3115443
1035315
3157476
3096435
1036592
2945983
2579553
2580591
2991870
2972213
2920378
2668488
2855181
2788113
2797613
1563185
1036564
1035494
2735852
2664086
2557717
1033770
1036430
2515674
2206411
1517523
2348831
2450253
2449601
2379730
2427967
2351155
2382499
1033287
1820437
2356764
2316784
1804909
2290158
2316760
2360738
1598931
1568642
2266551
2285032
1033119
2287690
2265163
2259325
2192017
2078150
1857799
1618253
2031425
2006956
1039813
1863559
1829731
1210895
1750780
1254256
1112487
1033155
1037035
1035714
1036407
1033249
1033598
1532445
1037054
1035145
1509544
1040649
1035789
1456185
1036624
1304491
1181995
1035113
1042137
1103378
1036074
1036052
1033573
1035082
1036072
1042008
1038662
1037595
1037436
1035629
1037596
1039258
1038827
1038783
1038487
1038504
1037838
1037655
1037618
1037519
1037100
1037014
1036952
1036915
1036881
1036747
1036710
1036607
1036553
1036520
1036399
1036406
1036309
1036210
1036106
1035980
1033020
1035944
1035705
1034229
1035573
1035511
1035434
1035375
1035263
1035253
1035226
1035183
1035111
1034446
1034395
1034268
1033940
1033103
1033285
1033260
1032987
1032855
993834
955226
245113
