5671320
2723130
6826557
2995474
6975306
1142333
2959061
2685687
6971674
1159047
6965924
6964383
6963594
1220461
3435298
6969647
6971366
6970505
6969792
5741849
1683857
245524
2979119
6867871
256337
1467031
6510490
249890
3334313
6934263
6939153
6949078
6966191
6968294
6950015
6942242
6940940
6940096
6927928
5862819
6963091
1876649
6948629
6962224
6965579
5158182
6959744
6954659
6958800
1594418
6961039
1818083
1771320
6840449
5742617
256334
1137802
3113969
5488988
6534505
6791753
6805719
6782877
6917211
947738
2873257
1398233
5332006
6951506
6950149
5157279
5767130
2946634
6426953
6953025
2962025
2615741
256341
241908
5529173
2242918
1872393
6846825
6707772
5675099
5132314
5853316
6448285
6760301
6933350
2121059
6920692
1859499
5142199
1816084
6934795
1823117
6799780
5230741
1879550
1860227
1071288
995381
949249
2626590
6906334
6895981
6936412
6897682
6898544
6697954
5883083
5661816
5851174
6783399
6946000
257272
3009006
1634133
6774185
6748366
256336
6862480
4493295
1403173
4715671
938046
6861290
6832681
6616504
6914681
6914331
6914257
6913417
6910437
6879022
5630332
6930064
6886227
2220887
6909164
6927505
1945845
1766519
6930354
1177172
6919919
6933580
6920532
6919653
1076017
1516981
5609427
2710235
6830907
941656
5478004
3341179
943996
1485624
5171080
6883145
1300927
5720267
1185018
257427
5667286
5776787
5498016
1182602
5739851
2644470
6583086
5540207
1377837
5395061
6911256
6842612
6709294
6804220
6908083
6789037
6896303
6875932
6779012
6836732
1673869
1876612
2081823
2488992
3362063
6901705
6898313
5499398
6677928
6875226
6906778
6821937
5328766
1606572
6600015
3250860
5396139
5332415
4624562
6837884
6771936
6632978
6671409
6862063
6877271
2097152
6897181
6856055
939577
6892415
6894564
6892644
6892226
6904914
6701072
6889180
1680990
6439891
6685239
6714805
6800908
5080329
4576621
1554059
1058773
246769
6888483
6826056
6874134
6634975
4734234
257928
2081724
6894926
6880977
6880687
6880225
6858745
1330289
6886672
5469274
4637992
6822344
6788109
4803211
241347
4604195
3299065
1399049
973903
6867219
6862000
6855390
6860321
6867263
6858937
1692034
3424639
5885217
4560139
947752
1490682
210528
6856928
6813922
6789812
5083027
5245224
6707470
3696082
6853755
6856559
6858834
6862081
6649528
6769006
1923568
6853688
4732645
6661187
2328592
6473466
6748095
6697029
6776751
6841340
2383952
6848319
1886741
6812113
6805431
6528432
6625842
6795788
2019107
1867750
977934
6847212
1728115
5495805
6458927
6832924
6834295
6831226
4629347
3129623
5370796
3021313
2928321
4713954
6780999
6777933
5731881
1424155
6794765
3740800
2648850
6805537
5075525
5157571
1836572
955224
1720946
2329051
6516775
1004178
6491832
6582947
2838981
1285473
941041
6701162
2655590
6701365
6787496
6724363
6793624
6789835
6813226
6795982
6793194
6809908
5444708
5367830
3714682
6493143
2644117
5842093
6764505
6761159
6770693
6766028
6763057
1564345
2259023
6784166
6770773
6786631
6787948
950351
2930174
3428899
3726161
5832844
5801448
1695152
6750327
939352
6760003
6760962
6761517
6553971
6438569
6708403
6576743
5301700
6632949
1806687
6718411
1584633
236273
2175681
2436713
4735054
2191216
5219177
6769184
5439058
6578160
6632426
6631671
6640081
6697254
1807659
6721567
6717897
6704646
6755117
6460328
5797253
6746509
6757096
6751627
1349777
6758378
5586356
5322546
5488919
1346458
2495939
5430997
3052167
5883311
4630199
6701391
6626491
6638311
6667622
6665417
6748347
5224486
6599085
6582631
6508181
5804617
6591409
6753368
6750313
1987785
5813457
6743466
2251048
6752385
6746430
6748211
6732093
6736935
6742717
1763420
6714752
4556578
6728863
6606718
6486415
1986152
6730930
6729631
6729157
6727526
6710394
5308945
5554287
2364430
4464509
2418569
5767213
5769646
6465303
258806
243733
6654322
6435768
1134186
4773496
6541483
6655216
4404895
5818259
6646153
3150256
6270403
2953368
5375518
2421185
1323496
6714488
3603923
1353984
6637490
6668140
4615409
5751048
946021
6712838
3326521
6705592
6686357
5768316
1495764
2575813
6647501
5798470
1280574
2697150
