244919
6975149
6979155
6976162
2616537
6977556
6977538
6979047
6979047
6977751
6977892
2616521
2770306
6976460
6978372
3188794
6787864
6973664
6973664
6977434
2201083
6978248
1155142
6616168
236922
5559962
6974077
6964093
6961326
247194
2478941
1877354
6976357
1293414
6609865
2631727
238266
6970529
250473
247298
1917263
6829078
235484
246658
6525056
2425912
2266000
6539179
2663857
6975038
2681167
6975103
230186
247505
1833389
250736
6975029
2472467
2236682
6974799
6967000
6973719
2035776
1991497
6942897
6974039
6973812
6880316
5787492
6971050
3370746
6972304
6868255
6956104
6970959
6973695
6973695
6968266
6966290
6953168
3218399
6954729
6969942
6972428
6972393
1141670
6968382
6971370
6966950
5649826
2186238
6969625
6968074
6967460
6431335
6558426
6971432
6971511
6969533
6971927
1062175
5217499
2358734
6969199
6954307
6969389
6898621
6886931
1402431
6901376
6967414
5823769
5213523
6970160
3340877
6928159
6969251
3004693
3329454
6967725
967343
6640197
6949387
5196009
5903509
6882360
6968592
6967815
6951635
5228221
2090759
6965327
1046372
6967184
6953309
6884403
3729471
6590865
6633578
6691203
6966921
2191161
953306
6960648
6966419
6952090
6964941
1133092
5727844
5465196
6961157
5876691
3314648
6962416
6964309
6964465
6858780
6858020
937867
6867591
6962155
6656786
6761246
6812275
6962879
6963415
6953847
6945293
6959340
1027608
3085836
6939566
6940630
6804658
6951757
3019294
6954714
6958348
6663141
5484607
6951692
6949539
6942447
6577073
6506113
2221582
5666217
3011422
5451517
6960145
2519084
6953409
950957
6908473
2944754
5172860
2158460
6939810
6952818
6933493
4850632
6959322
5738305
6952942
5282861
6943477
6934170
6842082
3287298
6957895
6957895
2600104
1565232
2253592
1098422
6954438
2017829
6693442
6955237
6888636
6853785
6941328
207028
1557900
5703968
5078278
2232185
6711075
6775259
5305078
5385327
6868597
6953530
6935737
6945805
6949521
6952767
6518893
4655070
6881530
1917203
976620
2660105
6950205
6949508
1515119
5575834
6951284
5131811
6875511
6948759
6432764
2125584
6944237
1823453
6949997
6804791
957987
949035
6946709
5294793
948951
4715689
1845768
1029731
950467
2425901
957836
949017
950906
6912141
952988
953063
6942589
6940675
953218
5670828
952465
6927174
4808199
947234
6944548
1870635
6935593
2616512
3005459
6918395
6942321
6676071
6908138
6946326
6938724
6939071
948313
948356
6843594
1920890
948660
1027603
2074493
6944187
2623724
6831640
2907199
2203912
1976549
955386
2250220
6608362
6943428
5355116
246268
6940714
5772752
6691964
985633
953545
2673933
2938439
6933402
6724157
6910094
6939840
6934633
6942556
6938089
5593477
6940338
6934648
6935620
1476513
6942492
1259732
6602768
6931391
6936603
5890675
6941192
6941104
6668643
3131709
6932701
6924203
6934630
6913062
6934962
4708017
3731137
6921019
6903505
5047313
1948723
6933910
1391980
6932981
6932504
6933537
6907674
6931628
1029670
2132944
1003046
6563982
6780900
4644657
6910793
2111584
4479765
5293013
4610628
6928956
2477505
2480116
6437813
1281353
6934982
6919384
6919091
211141
6925857
6933908
5574155
3275384
6929673
245486
5352764
5394759
952637
1043484
998099
6933650
1218590
2005167
3173826
3185550
6933435
1493746
6921030
3291108
4563671
6883630
1600065
5700050
3235098
6930772
1965475
6930917
6930812
5894571
6929218
957275
6930640
6607410
2723546
6926275
6920863
6915475
5032130
6928079
949813
210370
1337219
6811176
6917116
6905326
6885358
6733662
2885031
6925340
6919386
5657823
6926041
955986
6926105
6917376
1061286
6915990
6922875
6916604
6924234
5495704
6925189
5277208
2387241
6889116
2528413
6476045
6563663
6913403
6923453
6906160
6629616
224766
2906326
2525390
6923608
2399688
6915684
6880768
6900101
4850792
6919419
6920236
5473484
6921491
6907583
6906847
4774693
5771990
5825804
2283126
5581118
2570160
5509020
4596881
5331446
6919317
6917405
1236177
6790628
1629116
6667775
6870163
6687588
6686150
6684337
6735307
6699683
6709856
6720249
6741549
6739141
6739085
6750153
6776047
6775882
6775613
6787168
6790857
6793187
6802089
6815056
6814757
6833239
