6978859
6975524
246312
3632541
2991843
6953965
6956379
6927748
5130960
5469366
6919661
4799564
6940133
254787
3764385
4425610
6916255
6900637
2346382
6851832
4413051
3238104
6881283
5754603
6827224
6870185
5238640
5459413
6846949
6841999
4729831
5582820
2869942
6450033
6551482
6782850
6749611
6788657
240425
6797570
6715060
254730
2291713
3335560
6764916
254719
2206916
6728748
6727548
5334416
3762651
2501778
4560650
5269697
255475
6612656
5770600
5203155
2146077
3673357
6637103
6650431
6693507
6683880
6666413
1414840
2474619
2517454
5398607
4664552
6698989
4811154
1293360
6695063
6668083
3267257
6637758
5225984
6663841
1352375
4418337
2341660
6577228
6651660
6629474
252978
255368
6621030
5828239
6632975
3654326
5062896
6614855
6602742
6602743
6602741
3243198
2127160
6589341
6582720
6586190
1765606
1715833
6565528
6566625
6560499
6563487
6556293
6517418
6553506
6541831
6549631
2049220
6519996
6510761
5586146
5527927
6469396
2567042
4506116
2773876
2536921
254800
2911751
6491182
6491179
6491180
6474197
6461316
6445686
254864
234453
1470094
4540822
4555192
6451732
6445682
6445682
6445677
5239070
3016291
6434927
6420866
6414119
5340535
6414117
6414116
2650521
254906
5598085
6400447
4472495
5887610
255486
5756012
5855869
255276
5850780
5835758
5802041
4867627
5816208
254738
1540116
5818285
5810051
5261087
4711028
5791703
5774599
5760682
5119642
5760816
5767200
5641179
5738179
5746797
5261557
256746
5431746
5712654
5703878
5673025
5682459
5653252
5587080
2417571
5045774
5063820
5644921
3626011
5432389
5612912
5609058
1827589
5604048
5551882
4520643
4837790
5586150
5588054
4419447
5257266
5536855
5572319
254942
254836
3374902
5543185
5533767
5519003
5530045
5528968
5511429
5525211
3145237
5506540
3336328
5499199
5488059
5475871
2065957
5419576
5431764
5452486
5430756
5418527
5408188
5422415
2385651
2478809
2062859
4813835
3684957
5219773
1450597
5145035
3753251
2919990
5341577
4810242
3428586
5325955
5316554
5311918
5307564
5285775
5305215
5302320
4840970
3414293
5291938
5289958
2290265
1460342
1147724
1084034
5262417
5266048
5261147
5261457
5262164
5263090
5262313
5263837
5262696
5262409
5262071
5227371
5149944
5246138
5146529
5147224
5243241
5237127
5235678
5224548
5226891
4643205
5217419
5065979
4482137
4704907
5223054
2689447
5215489
5215538
5211078
5210073
3723952
5202777
5203338
5170606
5169918
5193449
5177122
5173079
254835
1623477
5170693
969546
5162941
5100689
5119991
5145400
4845222
5128548
5114677
5108298
2953699
5049634
5090156
5077371
5053555
5044227
5061647
255085
4744404
4411698
4822195
5048863
3279881
5047432
3245245
254987
4878196
4855914
4812729
4744946
4839358
255000
4828273
4829306
4789448
4799544
2830690
4791165
4785661
4771817
1727045
4755383
4767082
3355346
4638210
2474386
255089
4751858
4486936
1811500
3360576
4739374
4741364
4738689
4604888
3591142
4663671
2016999
4708912
4643206
4573884
2107028
4644531
4628469
4605963
3146704
4551029
1135829
4438374
3140167
4564558
4564359
4517952
4546945
4493337
4512583
4533171
3703632
3666792
4532385
4425493
4505483
4510173
3688846
1944223
3321103
3414320
3137614
4470718
254831
4465259
3666535
1112516
4459138
2743641
3684378
3643154
2318721
3433939
2070518
3638213
3668313
4406517
2192447
2861441
4426119
3166596
4418321
4413615
4408447
3756009
3721345
3716988
3703617
3685175
2406187
3690806
3685738
3679510
3676540
3668595
3256092
2355685
3649940
3648623
3564015
3597552
3642888
3332182
3375689
2954629
2724889
3621817
2679592
3586574
3586726
3333897
3450808
254742
3451436
3416293
3236283
3443179
2725954
3433693
3407304
254677
1956661
3304943
3373106
3321996
2108248
2403020
3349478
2973471
2041493
3337110
3330655
3335737
3211419
3126827
2796786
3300414
3300703
3298606
3234925
3192758
3229206
2402553
3180855
2744116
1906892
3183246
3067341
3161940
3091673
2083727
3053155
3078200
3110265
2859995
3106463
3007318
3098188
3084227
3053579
2304193
3010915
2972795
2929310
254717
939975
2958985
2948068
2946984
2904768
2851351
2855770
1072717
2815280
2687075
1268267
