4414008
6979078
6979451
6978424
5853309
6726596
1498062
6938817
6964838
3205174
1214928
6969279
5458500
6958382
6972013
6956810
6770865
6965415
6963368
6959473
6964542
6893360
6792894
2965024
5557825
6765914
6926501
6952559
3171738
2332166
6954556
6959204
2908701
6401527
6473828
1049081
6952402
6956736
6574102
6955516
6956656
6946406
3617023
6506445
6934026
1814765
4566159
6944186
5903350
6880457
2643775
6930186
6859692
3712623
6889433
5144992
6943161
6934491
6941111
6920018
5570831
6938756
6751724
2267166
5724821
4827921
243931
6938374
5690442
2643920
1746098
6938714
1298686
3140201
3450763
4806585
4858771
5261065
5616972
5688238
5723413
5891234
6528116
6528864
6687937
6718843
4782289
6935664
6928049
6929866
3631356
6926607
6932891
5649340
6652147
6919075
3652486
2545347
6928449
6896469
6818245
2988040
6815881
6888135
6888079
6919571
6849059
6909906
3071078
6906312
5681152
6898108
4512448
1426251
6908531
6910010
6910744
6907229
6910587
6898300
1090321
6890190
6895197
5130549
6692847
1110525
6770378
218316
6892671
4544720
2114203
218270
6888062
6891947
1967711
6888505
2986377
1816921
6885394
6885500
6881428
2249612
6877625
6881377
6880887
3700358
4825414
6877498
3620240
2652534
2817175
2800716
5713532
3303663
2369388
6504398
6874281
6582876
6878128
6772613
6879732
6874875
5354138
6872626
3028121
6871780
6611703
6872875
6866960
5793761
6866592
6785349
6868940
6584384
6853291
6652642
994057
1015286
6840120
5634111
6829607
6865228
6862497
5728738
3063869
1614072
1878935
6862047
6861536
6860117
6862046
6861018
6861115
6860099
6858629
6860023
6857742
6859146
6847570
6856227
6849751
6854183
6851452
6850966
5420253
6846741
6847536
6843544
1732368
6838887
6842120
1055307
6829749
6828909
6617510
6837287
2397951
5500449
1722802
6833098
3726780
955294
6808151
6768984
6827498
1054390
6826137
6828305
3655809
6818790
6764753
6807832
6825136
6811029
1712163
6820191
6811064
3401631
2844027
5564899
2895486
1236950
6706073
6714145
6806877
2419212
6814053
6806831
6760696
6792594
5701114
2356075
2530788
2878097
1039710
6799416
6793512
6801668
6755621
6787797
6778362
5056481
6791191
6789538
6786280
6788240
6790734
6712085
6776212
3393915
2877037
2087652
5815486
1226494
3659652
4797160
6777135
6775691
5172610
6774965
2980031
6773899
6773899
5662315
6768703
6764292
1753494
5531887
5832917
6769446
3736811
6765026
6767068
4489121
1060637
6765177
6756757
6763735
5554100
964809
5077475
6755673
1521929
6760818
6761638
4428075
6760378
6748286
2962000
6755576
6757369
254463
6755429
6754645
6755287
4814760
6730922
6743139
6743444
6752459
6747164
6713374
6746637
6742741
6730856
3331735
6744414
6732858
6737954
6677093
5388567
1985345
2104739
5843293
6733925
6504614
6672546
6736482
6686946
2331035
2694311
6731547
6733053
6732168
6731456
6732531
6730035
2011938
2404265
6730976
6718651
6687886
6716614
6728183
6509017
6727821
6726754
2897588
6526492
1883109
6719993
6716201
5500650
6709044
1215682
6703952
6709813
6705160
6709086
6702308
6515481
5787776
6701727
6605253
6496290
6690843
6694988
5222443
5799290
6699014
2474734
6695682
2056279
3664093
6690124
5159608
5625817
5694424
6675672
5516601
5511386
6682987
6681971
1258230
6680998
218228
6601954
2322616
6488102
6671054
6658861
6574743
6533429
6520582
6608092
2642740
3710300
5598561
6671805
5794363
6663879
1568045
3135318
2877420
6653290
6649525
4739896
6635703
6646876
218128
6641939
6631033
6639683
2955591
6583051
6635145
6619489
6626422
2480542
4442712
3355283
2916743
6567472
6624980
4851137
4724290
5753688
4396318
6619388
6615513
6621640
6481281
6584735
6526211
6608658
2444554
1178205
6612308
6610045
5757411
6609934
1256343
6604345
2383943
6602655
6564147
5551284
6600454
2716027
2771696
6593096
6596984
6597707
5476945
6592499
6486871
6565736
5441290
4778122
2451869
4567651
6578319
6582730
6581714
6548077
5508527
5592727
6563165
6576498
3603350
6572050
6572127
1938730
5877031
5890213
2795177
6567220
3011364
6561715
6554652
1716218
3021050
6558965
6530207
5807837
6434797
6444002
6558865
5798411
6551888
6543159
