6961085
6968192
1837502
6932987
6975457
6975457
4999200
6973675
3328701
3358600
3635690
1446292
6967286
5477492
6964908
6885503
6937115
5142456
6951862
6961724
6960396
6924126
6943134
5785939
6921139
6941879
1829563
6910576
4836321
6576873
2769237
6678664
6942366
2024588
2226197
6938046
6938046
1264144
6928241
6937114
5323652
5033054
6808730
5542708
6632523
5691259
6731741
2968619
6911984
2768985
3684341
212596
6491697
6911421
6533826
6573741
6824489
6824740
6844605
6854910
6869142
1774619
5628414
5713644
6899527
6433871
1947278
4838076
4420186
5777174
6400637
6525999
2881288
6690074
1338120
1725435
212618
3100436
6867885
3229078
6671560
212681
4633711
6826787
3111744
6859748
2402526
6618126
5854086
5668385
6781757
6857902
3214795
6853091
6794354
6827229
4818556
5531587
6835342
3645339
212668
6807220
2809171
3668075
5289878
6800785
3206297
6766834
2404638
5845896
2970535
6799465
212585
3206082
6788655
5411249
2778334
6779880
6605220
6786581
6770255
6676188
6752327
2238807
3754599
6745085
5785367
6763523
6763648
6763634
4536208
5076353
2330960
6749202
6405654
3376188
1028646
2725794
2912493
6517040
6658403
5741143
6493230
5806673
6652788
3258135
6668932
1295660
1688307
1303347
6670607
6591325
3564474
6671727
3357063
4411887
5735217
5758828
3127087
6656607
6664089
6639805
6656711
6644364
3444104
5334488
5773598
5624290
6637873
5107349
6614660
6570585
6620659
6620202
6611850
6509262
3174856
6436907
6596587
6578903
6591110
6569486
6575062
6574880
6438151
6521509
3197658
6522935
6540895
1932398
5441642
3627819
3671918
6508437
5635363
5879700
6483345
6493298
1297887
5848324
6467407
5089392
6420984
6430892
5773990
5848909
5438736
6452481
6458942
2670496
5354524
6458253
6453822
6407920
6432576
6435810
5809149
5734008
6407481
5685951
6420838
5643430
6404998
6407915
6407916
3191676
5899725
6075687
5858868
5820551
5889349
1519458
5876362
5880598
1385189
5864004
5864366
5852289
5668337
3608303
1143275
1993577
5817734
2187688
3060543
3713814
5323567
4832302
3058012
2890729
5753087
5846039
5834007
5751491
5761089
5362789
5837949
5837949
4857591
3714784
5522653
5736088
5822557
5676563
5194896
5817902
5812057
5635240
5543229
5812615
5808592
5808592
5575044
5799708
212580
5713317
5782395
212609
5784147
5784147
5128588
5588389
5733225
3645892
5446883
5755415
2084245
5605048
5707664
5680661
4746331
5744266
5723011
5697957
5700779
5700263
5709200
4804837
5708179
5708179
5700368
5659319
5700145
4797203
5698079
5698079
5564929
5672625
5681670
5683975
5647746
5666519
5661571
5290340
5531958
5641776
5644005
3725856
5616107
5620639
5627761
2438684
5624949
3402311
5623718
5613754
5607453
5594641
5592779
5524200
3167106
4461146
3389738
3761663
4659959
3429471
5561999
212614
5534045
5532097
5532477
5514468
5214240
5479955
5517839
212665
4610454
4501191
2389896
3118905
5502365
5314823
4837434
4837434
5231690
5419589
2033652
5486807
4415637
4465281
5426685
5471147
5466533
5409078
5445617
5462746
3664773
5433784
1608464
2455984
5370385
212670
5423898
5401883
5406785
5403258
2160360
5382366
212587
5380596
3321629
2543856
5375158
5372527
5318269
5361028
5348471
4484522
5349385
5346168
4710737
5255037
5226139
4410427
1282181
3014149
4733340
5277137
1374352
5132575
212662
2413934
3303452
5258167
4416443
5318125
212695
5126882
5262657
5309161
5260935
5276124
5299773
5273104
2063958
5263918
5273197
5280956
3255005
5289801
5280707
5141653
2047601
5286684
5284485
3766829
3099321
2148757
5276255
2006396
5263842
2064505
1963852
4794238
5113398
5234170
4743528
5254946
5227742
3373945
5251976
5208017
5247294
5238427
5246016
3564367
5240788
5234198
3196813
5229866
2174839
5203702
5216679
5210583
5135627
5178303
5159126
5183241
5184549
5182334
2000372
5159020
5148845
212606
5152257
5152414
3682559
4794944
5140036
3642506
5142350
2357426
4598732
5138714
4790321
1591789
1934671
5097678
2554976
5031889
3271686
2455600
5111716
3301558
1567981
3434283
1717746
5098937
1593918
5060839
3439499
5087692
5072990
2846590
4830745
3635909
5065781
4787326
5054394
3633822
5046195
4400870
4840598
5034834
3312856
4430665
4862216
3629968
