6968092
5889177
4627635
239478
1831787
6926195
2467716
1248302
1383481
213832
5894891
2242992
219190
2112530
1862892
3565651
2018700
3729900
6892115
1163081
6888140
242455
2228297
4426474
1820894
6882043
3324705
6933083
2160419
6933154
6934096
3074138
6932451
2400557
6918773
6925558
6839019
1388681
2242095
6835165
6917637
6895310
6907841
3151482
6906640
1025689
1014414
1804139
2136184
5752778
2148513
3175188
4525165
1738632
1033748
4732414
1566859
3621062
6782004
213816
1737163
6737871
1756651
6869580
1769116
2121433
1139616
6855914
6839297
6787237
2881187
6839343
6823322
6833571
6831463
6775926
6828781
6828018
6825512
5121522
6825483
6788720
5653128
4578663
3226506
5215484
6632511
219188
1157592
6790553
1169361
6796112
1718635
1728951
543597
1909280
219262
6766460
213744
6756950
1160566
2624216
2942058
3128491
6760632
1954798
2065769
3658742
6757643
219284
6615298
6746556
1520862
2178661
2053264
213751
6729981
6730048
1078017
3423038
3425243
2047317
5628536
1691646
3151748
6709753
6443322
6702641
6704546
6690286
2033068
3164854
1239134
5670106
1898730
6690331
1819209
2182680
2045798
213843
1560026
1132634
2384799
6652122
213822
6648996
1355959
3650047
6638873
6506035
6553479
6612420
1137174
6598388
1266793
6596838
3430100
5729444
3694428
1385465
3624540
2515330
3442059
5468090
6581431
6566518
6594686
6567955
2505182
1894593
6504537
2128455
6557240
5765511
6551606
4511276
6534056
6513927
1323431
6504096
2137730
2746651
5894049
6470432
6470429
1889048
6433679
1510212
6438205
5864610
1417331
5869642
2247029
6412123
1860220
6414172
5715655
6402340
5875378
6401834
5846084
1499791
5895671
5823441
5884328
5879040
5852704
5871558
5870318
2424930
5762962
2113329
5842838
5824486
5833917
5818350
5822530
5818226
5657767
5815937
2149429
5794067
219233
5785010
5779976
1400574
5771783
1487084
5757004
5740419
5659973
5728980
5729124
5726476
5705019
2573261
5713898
5707467
219252
5644664
5681724
5625550
1611628
1658313
5662640
5659795
3008118
5652541
5604464
213795
5622640
2185646
5614593
4423111
5588747
5538759
1251121
5567854
5537806
5577558
2186090
5259726
5408321
5549966
5446132
213792
1818652
5551034
1136423
3366617
4516515
4832307
2121494
5462119
5513152
5455110
956235
4503131
2518567
5397330
1446021
2507413
1813591
1777953
5402845
5392902
5441129
1602813
1504771
5391879
2312121
5286401
2440970
2565052
5367005
5376758
5360712
5275169
5346653
4811582
5314530
240643
2123791
5331747
5232819
5248457
5318057
5311692
1147290
239126
5302363
2540315
5289893
5292431
5276132
1488815
3386877
2245117
213715
5275610
5270939
5263087
5268293
4644135
1855271
213730
4702899
5259933
5222931
5254526
5246075
3423653
2106157
3254448
1267665
5217725
2653140
5210633
5211068
5194920
5201855
5201938
5201976
5191885
5182646
2154115
2154774
2183495
1250342
5158625
5121666
5104286
2526027
5135396
5119620
5112820
5105012
5104112
5036343
4795070
4805233
5089021
5087539
235808
2705971
4833432
2856434
5068324
5059841
4807541
1343510
4837550
213837
3144176
2200698
2145608
2032434
4811162
4804696
4807732
4808371
4807908
4806252
1278093
1202276
4765665
4784634
4628343
2514658
4766069
1960282
1798685
3570024
1614201
4664528
2129079
4709548
1860119
1782895
4644292
2315301
4717173
2246804
3595265
2855824
4705238
243160
4703199
1904000
4633667
4676814
4661768
4646437
4645763
3585366
3749413
1495290
1525125
4531845
1189594
3325574
3347732
1082230
3579195
3756198
4512760
4429465
4429982
4552132
219220
3180017
3450055
3129070
4490392
2152986
2403486
2012818
4467385
4429531
3447643
4438186
4456347
1784760
4439095
4413441
4424823
2999815
1295673
4417454
996223
1539045
4417924
4406775
4407419
3713810
3625984
3754580
3749876
3761740
3755433
2225159
3750681
1559818
3349723
213783
3665382
213850
1638415
3674970
3619799
3728878
3584938
2075430
3626865
3626245
3290326
3569952
3695600
3265309
3586204
3617463
3671432
3670508
3668024
3574831
3658310
2079340
2058328
3643663
3653045
3652513
1804764
3639925
3628634
3622387
3621568
3626658
1571281
3066453
3626785
